[gd_scene load_steps=12 format=3 uid="uid://j3m1lwvl5jua"]

[ext_resource type="Script" uid="uid://dbqotkyisa84w" path="res://Player/player.gd" id="1_l8h54"]
[ext_resource type="Script" uid="uid://cr4eajbcbd2hw" path="res://Player/smooth_camera_arm.gd" id="2_4ntmi"]
[ext_resource type="PackedScene" uid="uid://c6pdm8b840545" path="res://Player/health_component.tscn" id="2_k53q1"]
[ext_resource type="Script" uid="uid://tx6vq6crngfy" path="res://Resources/CharacterStats.gd" id="2_od3ui"]
[ext_resource type="PackedScene" uid="uid://dhnqhg7al0gbr" path="res://Player/rig.tscn" id="3_btcbx"]
[ext_resource type="PackedScene" uid="uid://bi14s3yn7sg0g" path="res://Player/dash.tscn" id="3_vtle1"]
[ext_resource type="Script" uid="uid://c18p0xs4w5brd" path="res://Player/attack_cast.gd" id="4_gwnis"]
[ext_resource type="PackedScene" uid="uid://c43n45klq0hda" path="res://Player/area_attack.tscn" id="6_fhl08"]

[sub_resource type="Resource" id="Resource_00tjw"]
script = ExtResource("2_od3ui")
metadata/_custom_type_script = "uid://tx6vq6crngfy"

[sub_resource type="CapsuleShape3D" id="CapsuleShape3D_hvfyp"]

[sub_resource type="SeparationRayShape3D" id="SeparationRayShape3D_l8h54"]

[node name="Player" type="CharacterBody3D" groups=["Player"]]
collision_layer = 5
script = ExtResource("1_l8h54")
stats = SubResource("Resource_00tjw")

[node name="HealthComponent" parent="." instance=ExtResource("2_k53q1")]

[node name="CollisionShape3D" type="CollisionShape3D" parent="."]
shape = SubResource("CapsuleShape3D_hvfyp")

[node name="SmoothCameraArm" type="SpringArm3D" parent="." node_paths=PackedStringArray("target")]
transform = Transform3D(1, 0, 0, 0, 0.90630776, 0.42261827, 0, -0.42261827, 0.90630776, 0, 0, 0)
shape = SubResource("SeparationRayShape3D_l8h54")
spring_length = 4.0
script = ExtResource("2_4ntmi")
target = NodePath("../HorizontalPivot/VerticalPivot")

[node name="Camera3D" type="Camera3D" parent="SmoothCameraArm"]

[node name="HorizontalPivot" type="Node3D" parent="."]

[node name="VerticalPivot" type="Node3D" parent="HorizontalPivot"]

[node name="RigPivot" type="Node3D" parent="."]
transform = Transform3D(1, 0, 0, 0, 1, 0, 0, 0, 1, 0, -1, 0)

[node name="Dash" parent="RigPivot" node_paths=PackedStringArray("player") instance=ExtResource("3_vtle1")]
transform = Transform3D(1, 0, 0, 0, 1, 0, 0, 0, 1, 0, 0.023768127, 0)
player = NodePath("../..")

[node name="Rig" parent="RigPivot" instance=ExtResource("3_btcbx")]

[node name="Skeleton3D" parent="RigPivot/Rig/CharacterRig/GameRig" index="0"]
bones/0/position = Vector3(1.3982462e-14, 0.9012551, -0.04817353)
bones/2/rotation = Quaternion(0.00085764437, -0.00037233217, 0.0032137258, 0.9999944)
bones/3/rotation = Quaternion(-0.09403366, -0.00034812329, 0.008521658, 0.9955325)
bones/4/rotation = Quaternion(0.2748759, 1.46489345e-08, 9.2902035e-08, 0.9614798)
bones/6/rotation = Quaternion(-0.15892373, -1.176687e-07, -1.9102227e-08, 0.9872909)
bones/7/position = Vector3(-3.4531695e-08, 0.90125495, -0.048173457)
bones/8/position = Vector3(-7.2250955e-08, 0.90125495, -0.048173513)
bones/9/position = Vector3(0.13114367, 0.96745914, -0.035129104)
bones/9/rotation = Quaternion(0.99338126, 0.020693451, -0.031033639, 0.10863949)
bones/11/rotation = Quaternion(0.41355693, -0.000699702, 0.00031796304, 0.9104779)
bones/13/rotation = Quaternion(-0.748714, 0.011874938, 0.024390848, 0.6623377)
bones/15/position = Vector3(-0.1311437, 0.9674593, -0.035129108)
bones/15/rotation = Quaternion(0.9739302, -0.005643327, 0.02741858, 0.22511415)
bones/17/rotation = Quaternion(0.43802726, 0.003254818, -0.0015862299, 0.8989544)
bones/19/rotation = Quaternion(-0.68546623, -0.028178116, -0.00092917413, 0.72755843)
bones/21/position = Vector3(0.025128612, 1.4312569, 0.0439481)
bones/21/rotation = Quaternion(-0.48573866, -0.26112548, -0.4055759, 0.7289579)
bones/22/position = Vector3(0.18950826, 1.468823, -0.01932932)
bones/22/rotation = Quaternion(0.04055658, -0.16111606, 0.97487307, -0.14838931)
bones/23/rotation = Quaternion(7.5891165e-08, -0.023524057, 5.8661453e-08, 0.9997233)
bones/24/rotation = Quaternion(0.31631473, -0.023533495, -0.01957121, 0.9481604)
bones/46/position = Vector3(-0.011363526, 1.4312569, 0.043948088)
bones/46/rotation = Quaternion(-0.4985786, 0.23454873, 0.38761687, 0.739026)
bones/47/position = Vector3(-0.17068364, 1.4693443, -0.030841812)
bones/47/rotation = Quaternion(-0.05495642, -0.14032757, 0.97456485, 0.16586538)
bones/48/rotation = Quaternion(5.4533466e-08, 0.027356539, 5.0699313e-08, 0.9996258)
bones/49/rotation = Quaternion(0.35178092, 0.027357996, 0.028938096, 0.93523496)
bones/71/position = Vector3(0.12719111, 1.3505198, -0.025745248)
bones/71/rotation = Quaternion(1.9635339e-08, 0.6082803, 0.7937224, -4.6239155e-08)
bones/72/position = Vector3(-0.113425955, 1.3505198, -0.025745276)
bones/72/rotation = Quaternion(1.963539e-08, 0.6082803, 0.7937224, -4.6239094e-08)

[node name="RightHandBone" parent="RigPivot/Rig" index="2"]
transform = Transform3D(-0.9623337, -0.27083823, -0.023678849, 0.23506463, -0.87264836, 0.42805365, -0.13659656, 0.40636447, 0.903443, -0.34450915, 0.99218607, -0.009851299)

[node name="LeftHandBone" parent="RigPivot/Rig" index="3"]
transform = Transform3D(-0.9705163, 0.2390998, 0.03049085, -0.21770741, -0.9238348, 0.31485382, 0.10344999, 0.29893267, 0.94865024, 0.34631658, 0.9783088, -0.034857105)

[node name="RayAttachment" type="BoneAttachment3D" parent="RigPivot/Rig"]
transform = Transform3D(-0.9623337, -0.27083823, -0.023678849, 0.23506463, -0.87264836, 0.42805365, -0.13659656, 0.40636447, 0.903443, -0.34450915, 0.99218607, -0.009851299)
bone_name = "DEF-hand.R"
bone_idx = 51
use_external_skeleton = true
external_skeleton = NodePath("../CharacterRig/GameRig/Skeleton3D")

[node name="AttackCast" type="RayCast3D" parent="RigPivot/Rig/RayAttachment"]
unique_name_in_owner = true
transform = Transform3D(5.7282858e-08, 4.888998e-08, 1, 0.99619454, 0.08715594, -6.1325935e-08, -0.08715591, 0.9961949, -4.371139e-08, -0.03, 0.08, 0.003)
target_position = Vector3(0, 1, 0)
collision_mask = 8
script = ExtResource("4_gwnis")

[node name="AreaAttack" parent="RigPivot" instance=ExtResource("6_fhl08")]
transform = Transform3D(1, 0, 0, 0, 1, 0, 0, 0, 1, 0, 1, 1)
collision_mask = 8

[connection signal="defeat" from="HealthComponent" to="." method="_on_health_component_defeat"]
[connection signal="heavy_attack" from="RigPivot/Rig" to="." method="_on_rig_heavy_attack"]

[editable path="RigPivot/Rig"]
[editable path="RigPivot/Rig/CharacterRig"]
