[gd_scene load_steps=13 format=3 uid="uid://j3m1lwvl5jua"]

[ext_resource type="Script" uid="uid://dbqotkyisa84w" path="res://Player/player.gd" id="1_l8h54"]
[ext_resource type="Script" uid="uid://cr4eajbcbd2hw" path="res://Player/smooth_camera_arm.gd" id="2_4ntmi"]
[ext_resource type="PackedScene" uid="uid://c6pdm8b840545" path="res://Player/health_component.tscn" id="2_k53q1"]
[ext_resource type="Script" uid="uid://tx6vq6crngfy" path="res://Resources/CharacterStats.gd" id="2_od3ui"]
[ext_resource type="PackedScene" uid="uid://dhnqhg7al0gbr" path="res://Player/rig.tscn" id="3_btcbx"]
[ext_resource type="PackedScene" uid="uid://bi14s3yn7sg0g" path="res://Player/dash.tscn" id="3_vtle1"]
[ext_resource type="PackedScene" uid="uid://h1ygfm3twad1" path="res://UserInterface/user_interface.tscn" id="4_00tjw"]
[ext_resource type="Script" uid="uid://c18p0xs4w5brd" path="res://Player/attack_cast.gd" id="4_gwnis"]
[ext_resource type="PackedScene" uid="uid://c43n45klq0hda" path="res://Player/area_attack.tscn" id="6_fhl08"]

[sub_resource type="Resource" id="Resource_00tjw"]
script = ExtResource("2_od3ui")
metadata/_custom_type_script = "uid://tx6vq6crngfy"

[sub_resource type="CapsuleShape3D" id="CapsuleShape3D_hvfyp"]

[sub_resource type="SeparationRayShape3D" id="SeparationRayShape3D_l8h54"]

[node name="Player" type="CharacterBody3D" groups=["Player"]]
collision_layer = 5
script = ExtResource("1_l8h54")
stats = SubResource("Resource_00tjw")

[node name="HealthComponent" parent="." node_paths=PackedStringArray("body") instance=ExtResource("2_k53q1")]
body = NodePath("..")

[node name="UserInterface" parent="." node_paths=PackedStringArray("player") instance=ExtResource("4_00tjw")]
player = NodePath("..")

[node name="CollisionShape3D" type="CollisionShape3D" parent="."]
shape = SubResource("CapsuleShape3D_hvfyp")

[node name="SmoothCameraArm" type="SpringArm3D" parent="." node_paths=PackedStringArray("target")]
transform = Transform3D(1, 0, 0, 0, 0.90630776, 0.42261827, 0, -0.42261827, 0.90630776, 0, 0, 0)
shape = SubResource("SeparationRayShape3D_l8h54")
spring_length = 4.0
script = ExtResource("2_4ntmi")
target = NodePath("../HorizontalPivot/VerticalPivot")

[node name="Camera3D" type="Camera3D" parent="SmoothCameraArm"]

[node name="HorizontalPivot" type="Node3D" parent="."]

[node name="VerticalPivot" type="Node3D" parent="HorizontalPivot"]

[node name="RigPivot" type="Node3D" parent="."]
transform = Transform3D(1, 0, 0, 0, 1, 0, 0, 0, 1, 0, -1, 0)

[node name="Dash" parent="RigPivot" node_paths=PackedStringArray("player") instance=ExtResource("3_vtle1")]
transform = Transform3D(1, 0, 0, 0, 1, 0, 0, 0, 1, 0, 0.023768127, 0)
player = NodePath("../..")

[node name="Rig" parent="RigPivot" instance=ExtResource("3_btcbx")]

[node name="Skeleton3D" parent="RigPivot/Rig/CharacterRig/GameRig" index="0"]
bones/0/position = Vector3(4.4347884e-15, 0.9083336, -0.04817357)
bones/2/rotation = Quaternion(0.005364318, -0.00029929227, 0.003211809, 0.9999805)
bones/3/rotation = Quaternion(-0.08989669, -0.00029430824, 0.008524083, 0.9959146)
bones/4/rotation = Quaternion(0.2711308, 1.4792535e-08, 9.081713e-08, 0.96254253)
bones/6/rotation = Quaternion(-0.16365598, -1.1772692e-07, -1.87565e-08, 0.9865175)
bones/7/position = Vector3(-2.4656519e-08, 0.9083334, -0.048173472)
bones/8/position = Vector3(-7.682701e-08, 0.9083335, -0.048173513)
bones/9/position = Vector3(0.13114367, 0.9745377, -0.035129108)
bones/9/rotation = Quaternion(0.99407494, 0.020338388, -0.03120436, 0.10211665)
bones/11/rotation = Quaternion(0.398856, -0.00069628883, 0.0003029767, 0.91701335)
bones/13/rotation = Quaternion(-0.7424033, 0.011851462, 0.024366416, 0.6694051)
bones/15/position = Vector3(-0.13114372, 0.9745378, -0.035129108)
bones/15/rotation = Quaternion(0.97543293, -0.0053533004, 0.027619705, 0.21849303)
bones/17/rotation = Quaternion(0.42468414, 0.00317588, -0.0014898924, 0.9053348)
bones/19/rotation = Quaternion(-0.6796439, -0.028146707, -0.0013410427, 0.7330008)
bones/21/position = Vector3(0.025128616, 1.437972, 0.046503376)
bones/21/rotation = Quaternion(-0.47378516, -0.26594755, -0.41433683, 0.73015374)
bones/22/position = Vector3(0.19104794, 1.4765753, -0.011985289)
bones/22/rotation = Quaternion(0.025451005, -0.16339524, 0.97538435, -0.14587566)
bones/23/rotation = Quaternion(3.4121086e-08, -0.035782233, 5.26447e-08, 0.9993596)
bones/24/rotation = Quaternion(0.3440374, -0.035782903, -0.021473113, 0.93802816)
bones/46/position = Vector3(-0.011363527, 1.437972, 0.04650336)
bones/46/rotation = Quaternion(-0.47698995, 0.2579446, 0.40934733, 0.7337438)
bones/47/position = Vector3(-0.17598131, 1.4768984, -0.015347629)
bones/47/rotation = Quaternion(-0.020526059, -0.1460942, 0.9758974, 0.16080931)
bones/48/rotation = Quaternion(1.2385897e-07, 0.05057244, 1.6982119e-07, 0.9987204)
bones/49/rotation = Quaternion(0.38359654, 0.050573036, 0.028263563, 0.9216817)
bones/71/position = Vector3(0.12719111, 1.3585918, -0.024736797)
bones/71/rotation = Quaternion(2.0160346e-08, 0.6005963, 0.79955244, -4.5941224e-08)
bones/72/position = Vector3(-0.113425955, 1.3585918, -0.024736824)
bones/72/rotation = Quaternion(2.0160407e-08, 0.6005963, 0.79955244, -4.594116e-08)

[node name="RightHandBone" parent="RigPivot/Rig" index="2"]
transform = Transform3D(-0.9623437, -0.27079993, -0.023715597, 0.22447649, -0.84085697, 0.49251464, -0.15331426, 0.46864456, 0.86998093, -0.34979737, 1.0079287, 0.0210791)

[node name="LeftHandBone" parent="RigPivot/Rig" index="3"]
transform = Transform3D(-0.97051346, 0.2391075, 0.030521614, -0.21088222, -0.9035589, 0.37297472, 0.11675917, 0.3555405, 0.9273393, 0.3478582, 0.991354, -0.01341274)

[node name="RayAttachment" type="BoneAttachment3D" parent="RigPivot/Rig"]
transform = Transform3D(-0.9623437, -0.27079993, -0.023715597, 0.22447649, -0.84085697, 0.49251464, -0.15331426, 0.46864456, 0.86998093, -0.34979737, 1.0079287, 0.0210791)
bone_name = "DEF-hand.R"
bone_idx = 51
use_external_skeleton = true
external_skeleton = NodePath("../CharacterRig/GameRig/Skeleton3D")

[node name="AttackCast" type="RayCast3D" parent="RigPivot/Rig/RayAttachment"]
unique_name_in_owner = true
transform = Transform3D(5.7282858e-08, 4.888998e-08, 1, 0.99619454, 0.08715594, -6.1325935e-08, -0.08715591, 0.9961949, -4.371139e-08, -0.03, 0.08, 0.003)
target_position = Vector3(0, 1, 0)
collision_mask = 8
script = ExtResource("4_gwnis")

[node name="AreaAttack" parent="RigPivot" instance=ExtResource("6_fhl08")]
transform = Transform3D(1, 0, 0, 0, 1, 0, 0, 0, 1, 0, 1, 1)
collision_mask = 8

[connection signal="defeat" from="HealthComponent" to="." method="_on_health_component_defeat"]
[connection signal="heavy_attack" from="RigPivot/Rig" to="." method="_on_rig_heavy_attack"]

[editable path="RigPivot/Rig"]
[editable path="RigPivot/Rig/CharacterRig"]
