[gd_scene load_steps=10 format=3 uid="uid://j3m1lwvl5jua"]

[ext_resource type="Script" uid="uid://dbqotkyisa84w" path="res://Player/player.gd" id="1_l8h54"]
[ext_resource type="Script" uid="uid://cr4eajbcbd2hw" path="res://Player/smooth_camera_arm.gd" id="2_4ntmi"]
[ext_resource type="PackedScene" uid="uid://c6pdm8b840545" path="res://Player/health_component.tscn" id="2_k53q1"]
[ext_resource type="PackedScene" uid="uid://dhnqhg7al0gbr" path="res://Player/rig.tscn" id="3_btcbx"]
[ext_resource type="PackedScene" uid="uid://bi14s3yn7sg0g" path="res://Player/dash.tscn" id="3_vtle1"]
[ext_resource type="Script" uid="uid://c18p0xs4w5brd" path="res://Player/attack_cast.gd" id="4_gwnis"]
[ext_resource type="PackedScene" uid="uid://c43n45klq0hda" path="res://Player/area_attack.tscn" id="6_fhl08"]

[sub_resource type="CapsuleShape3D" id="CapsuleShape3D_hvfyp"]

[sub_resource type="SeparationRayShape3D" id="SeparationRayShape3D_l8h54"]

[node name="Player" type="CharacterBody3D"]
collision_layer = 5
script = ExtResource("1_l8h54")

[node name="HealthComponent" parent="." instance=ExtResource("2_k53q1")]

[node name="Dash" parent="." node_paths=PackedStringArray("player") instance=ExtResource("3_vtle1")]
player = NodePath("..")

[node name="CollisionShape3D" type="CollisionShape3D" parent="."]
shape = SubResource("CapsuleShape3D_hvfyp")

[node name="SmoothCameraArm" type="SpringArm3D" parent="." node_paths=PackedStringArray("target")]
transform = Transform3D(1, 0, 0, 0, 0.90630776, 0.42261827, 0, -0.42261827, 0.90630776, 0, 0, 0)
shape = SubResource("SeparationRayShape3D_l8h54")
spring_length = 4.0
script = ExtResource("2_4ntmi")
target = NodePath("../HorizontalPivot/VerticalPivot")

[node name="Camera3D" type="Camera3D" parent="SmoothCameraArm"]

[node name="HorizontalPivot" type="Node3D" parent="."]

[node name="VerticalPivot" type="Node3D" parent="HorizontalPivot"]

[node name="RigPivot" type="Node3D" parent="."]
transform = Transform3D(1, 0, 0, 0, 1, 0, 0, 0, 1, 0, -1, 0)

[node name="Rig" parent="RigPivot" instance=ExtResource("3_btcbx")]

[node name="Skeleton3D" parent="RigPivot/Rig/CharacterRig/GameRig" index="0"]
bones/0/position = Vector3(1.3794421e-14, 0.89877075, -0.04817352)
bones/2/rotation = Quaternion(-0.0007509811, -0.00039839913, 0.0032144038, 0.9999945)
bones/3/rotation = Quaternion(-0.095494755, -0.00036712256, 0.00852067, 0.99539346)
bones/4/rotation = Quaternion(0.27620134, 1.498306e-08, 9.229805e-08, 0.96109986)
bones/6/rotation = Quaternion(-0.15725337, -1.1772614e-07, -1.8746048e-08, 0.9875583)
bones/7/position = Vector3(-1.5997223e-08, 0.8987706, -0.04817345)
bones/8/position = Vector3(-8.4771585e-08, 0.89877063, -0.048173502)
bones/9/position = Vector3(0.13114367, 0.96497476, -0.035129096)
bones/9/rotation = Quaternion(0.9931358, 0.02081567, -0.030975366, 0.11085427)
bones/11/rotation = Quaternion(0.41851795, -0.0007003671, 0.00032288363, 0.9082082)
bones/13/rotation = Quaternion(-0.75085217, 0.011882963, 0.024400396, 0.6599125)
bones/15/position = Vector3(-0.1311437, 0.96497494, -0.035129108)
bones/15/rotation = Quaternion(0.9734004, -0.005743843, 0.02734879, 0.22739975)
bones/17/rotation = Quaternion(0.44262004, 0.003281973, -0.001620107, 0.89670193)
bones/19/rotation = Quaternion(-0.6874595, -0.028188763, -0.00078700786, 0.7256749)
bones/21/position = Vector3(0.02512861, 1.4288961, 0.043050725)
bones/21/rotation = Quaternion(-0.4899135, -0.2594076, -0.4025128, 0.72847515)
bones/22/position = Vector3(0.18895392, 1.4660723, -0.02189968)
bones/22/rotation = Quaternion(0.045839548, -0.16030942, 0.97463894, -0.1492604)
bones/23/rotation = Quaternion(6.052013e-08, -0.019234108, -1.626228e-08, 0.99981505)
bones/24/rotation = Quaternion(0.30650142, -0.019229881, -0.018856542, 0.95148915)
bones/46/position = Vector3(-0.011363526, 1.4288961, 0.043050714)
bones/46/rotation = Quaternion(-0.5061101, 0.226225, 0.3799247, 0.7404945)
bones/47/position = Vector3(-0.16864596, 1.4665686, -0.036208782)
bones/47/rotation = Quaternion(-0.06700882, -0.13826491, 0.9738104, 0.16758871)
bones/48/rotation = Quaternion(1.3988236e-07, 0.019175842, 9.1290836e-08, 0.9998162)
bones/49/rotation = Quaternion(0.34048963, 0.01917622, 0.028997755, 0.93960536)
bones/71/position = Vector3(0.12719111, 1.3476869, -0.026096078)
bones/71/rotation = Quaternion(1.9451086e-08, 0.61096865, 0.7916548, -4.6340926e-08)
bones/72/position = Vector3(-0.113425955, 1.3476869, -0.026096102)
bones/72/rotation = Quaternion(1.9451132e-08, 0.6109687, 0.79165477, -4.634086e-08)

[node name="RightHandBone" parent="RigPivot/Rig" index="2"]
transform = Transform3D(-0.9623428, -0.27080235, -0.02371381, 0.23843002, -0.8827539, 0.40484187, -0.13056557, 0.38394278, 0.91407895, -0.34246263, 0.9867961, -0.020781264)

[node name="LeftHandBone" parent="RigPivot/Rig" index="3"]
transform = Transform3D(-0.9705149, 0.2391027, 0.0305134, -0.21990328, -0.9301211, 0.294138, 0.09871039, 0.27875537, 0.95527554, 0.3457631, 0.973907, -0.04245755)

[node name="RayAttachment" type="BoneAttachment3D" parent="RigPivot/Rig"]
transform = Transform3D(-0.9623428, -0.27080235, -0.02371381, 0.23843002, -0.8827539, 0.40484187, -0.13056557, 0.38394278, 0.91407895, -0.34246263, 0.9867961, -0.020781264)
bone_name = "DEF-hand.R"
bone_idx = 51
use_external_skeleton = true
external_skeleton = NodePath("../CharacterRig/GameRig/Skeleton3D")

[node name="AttackCast" type="RayCast3D" parent="RigPivot/Rig/RayAttachment"]
unique_name_in_owner = true
transform = Transform3D(5.7282858e-08, 4.888998e-08, 1, 0.99619454, 0.08715594, -6.1325935e-08, -0.08715591, 0.9961949, -4.371139e-08, -0.03, 0.08, 0.003)
target_position = Vector3(0, 1, 0)
collision_mask = 8
script = ExtResource("4_gwnis")

[node name="AreaAttack" parent="RigPivot" instance=ExtResource("6_fhl08")]
transform = Transform3D(1, 0, 0, 0, 1, 0, 0, 0, 1, 0, 1, 1)
collision_mask = 8

[connection signal="defeat" from="HealthComponent" to="." method="_on_health_component_defeat"]
[connection signal="heavy_attack" from="RigPivot/Rig" to="." method="_on_rig_heavy_attack"]

[editable path="RigPivot/Rig"]
[editable path="RigPivot/Rig/CharacterRig"]
