[gd_scene load_steps=10 format=3 uid="uid://j3m1lwvl5jua"]

[ext_resource type="Script" uid="uid://dbqotkyisa84w" path="res://Player/player.gd" id="1_l8h54"]
[ext_resource type="Script" uid="uid://cr4eajbcbd2hw" path="res://Player/smooth_camera_arm.gd" id="2_4ntmi"]
[ext_resource type="PackedScene" uid="uid://c6pdm8b840545" path="res://Player/health_component.tscn" id="2_k53q1"]
[ext_resource type="PackedScene" uid="uid://dhnqhg7al0gbr" path="res://Player/rig.tscn" id="3_btcbx"]
[ext_resource type="PackedScene" uid="uid://bi14s3yn7sg0g" path="res://Player/dash.tscn" id="3_vtle1"]
[ext_resource type="Script" uid="uid://c18p0xs4w5brd" path="res://Player/attack_cast.gd" id="4_gwnis"]
[ext_resource type="PackedScene" uid="uid://c43n45klq0hda" path="res://Player/area_attack.tscn" id="6_fhl08"]

[sub_resource type="CapsuleShape3D" id="CapsuleShape3D_hvfyp"]

[sub_resource type="SeparationRayShape3D" id="SeparationRayShape3D_l8h54"]

[node name="Player" type="CharacterBody3D"]
collision_layer = 5
script = ExtResource("1_l8h54")

[node name="HealthComponent" parent="." instance=ExtResource("2_k53q1")]

[node name="CollisionShape3D" type="CollisionShape3D" parent="."]
shape = SubResource("CapsuleShape3D_hvfyp")

[node name="SmoothCameraArm" type="SpringArm3D" parent="." node_paths=PackedStringArray("target")]
transform = Transform3D(1, 0, 0, 0, 0.90630776, 0.42261827, 0, -0.42261827, 0.90630776, 0, 0, 0)
shape = SubResource("SeparationRayShape3D_l8h54")
spring_length = 4.0
script = ExtResource("2_4ntmi")
target = NodePath("../HorizontalPivot/VerticalPivot")

[node name="Camera3D" type="Camera3D" parent="SmoothCameraArm"]

[node name="HorizontalPivot" type="Node3D" parent="."]

[node name="VerticalPivot" type="Node3D" parent="HorizontalPivot"]

[node name="RigPivot" type="Node3D" parent="."]
transform = Transform3D(1, 0, 0, 0, 1, 0, 0, 0, 1, 0, -1, 0)

[node name="Dash" parent="RigPivot" node_paths=PackedStringArray("player") instance=ExtResource("3_vtle1")]
transform = Transform3D(1, 0, 0, 0, 1, 0, 0, 0, 1, 0, 0.023768127, 0)
player = NodePath("../..")

[node name="Rig" parent="RigPivot" instance=ExtResource("3_btcbx")]

[node name="Skeleton3D" parent="RigPivot/Rig/CharacterRig/GameRig" index="0"]
bones/0/position = Vector3(5.386481e-15, 0.9057256, -0.04817357)
bones/2/rotation = Quaternion(0.0037476132, -0.0003254948, 0.0032125234, 0.99998784)
bones/3/rotation = Quaternion(-0.09140987, -0.0003139959, 0.008523252, 0.99577683)
bones/4/rotation = Quaternion(0.27248725, 1.5368085e-08, 8.935929e-08, 0.96215945)
bones/6/rotation = Quaternion(-0.16191919, -1.1727431e-07, -2.151603e-08, 0.986804)
bones/7/position = Vector3(-2.4029053e-08, 0.90572554, -0.048173454)
bones/8/position = Vector3(-2.3629335e-08, 0.90572554, -0.04817354)
bones/9/position = Vector3(0.13114367, 0.9719298, -0.03512911)
bones/9/rotation = Quaternion(0.99381983, 0.020470804, -0.031140493, 0.10456276)
bones/11/rotation = Quaternion(0.40433896, -0.00069775776, 0.0003086313, 0.9146089)
bones/13/rotation = Quaternion(-0.7447547, 0.011860209, 0.024375247, 0.6667876)
bones/15/position = Vector3(-0.13114369, 0.9719298, -0.035129108)
bones/15/rotation = Quaternion(0.97488016, -0.005460853, 0.027545162, 0.22095284)
bones/17/rotation = Quaternion(0.42965057, 0.003205268, -0.0015252029, 0.9029884)
bones/19/rotation = Quaternion(-0.68181044, -0.028158456, -0.0011883804, 0.7309858)
bones/21/position = Vector3(0.025128612, 1.4355017, 0.045562387)
bones/21/rotation = Quaternion(-0.47818428, -0.26419154, -0.41110283, 0.7297514)
bones/22/position = Vector3(0.19049469, 1.4737488, -0.014698526)
bones/22/rotation = Quaternion(0.031034593, -0.16255742, 0.97522265, -0.14680883)
bones/23/rotation = Quaternion(2.3373796e-09, -0.031268034, 1.77388e-08, 0.99951106)
bones/24/rotation = Quaternion(0.33385947, -0.031268854, -0.020801904, 0.94187444)
bones/46/position = Vector3(-0.011363528, 1.4355017, 0.045562375)
bones/46/rotation = Quaternion(-0.48495066, 0.24937858, 0.4013567, 0.73589814)
bones/47/position = Vector3(-0.17414255, 1.4741925, -0.021103472)
bones/47/rotation = Quaternion(-0.033237096, -0.14398685, 0.97554713, 0.16269873)
bones/48/rotation = Quaternion(-1.1523272e-07, 0.042034667, -1.2752884e-07, 0.9991162)
bones/49/rotation = Quaternion(0.37192765, 0.042035256, 0.028624645, 0.92686766)
bones/71/position = Vector3(0.12719111, 1.3556172, -0.02511152)
bones/71/rotation = Quaternion(1.9966667e-08, 0.60343474, 0.7974124, -4.605257e-08)
bones/72/position = Vector3(-0.113425955, 1.3556172, -0.025111549)
bones/72/rotation = Quaternion(1.996671e-08, 0.60343486, 0.7974124, -4.6052502e-08)

[node name="RightHandBone" parent="RigPivot/Rig" index="2"]
transform = Transform3D(-0.96234244, -0.27080435, -0.023710947, 0.22850522, -0.8530962, 0.4690553, -0.14724989, 0.44597366, 0.8828503, -0.34795973, 1.0020753, 0.009706799)

[node name="LeftHandBone" parent="RigPivot/Rig" index="3"]
transform = Transform3D(-0.9705132, 0.23910846, 0.030520668, -0.21349214, -0.9114347, 0.3517217, 0.111917265, 0.3348347, 0.9356068, 0.34730524, 0.9864764, -0.021281987)

[node name="RayAttachment" type="BoneAttachment3D" parent="RigPivot/Rig"]
transform = Transform3D(-0.96234244, -0.27080435, -0.023710947, 0.22850522, -0.8530962, 0.4690553, -0.14724989, 0.44597366, 0.8828503, -0.34795973, 1.0020753, 0.009706799)
bone_name = "DEF-hand.R"
bone_idx = 51
use_external_skeleton = true
external_skeleton = NodePath("../CharacterRig/GameRig/Skeleton3D")

[node name="AttackCast" type="RayCast3D" parent="RigPivot/Rig/RayAttachment"]
unique_name_in_owner = true
transform = Transform3D(5.7282858e-08, 4.888998e-08, 1, 0.99619454, 0.08715594, -6.1325935e-08, -0.08715591, 0.9961949, -4.371139e-08, -0.03, 0.08, 0.003)
target_position = Vector3(0, 1, 0)
collision_mask = 8
script = ExtResource("4_gwnis")

[node name="AreaAttack" parent="RigPivot" instance=ExtResource("6_fhl08")]
transform = Transform3D(1, 0, 0, 0, 1, 0, 0, 0, 1, 0, 1, 1)
collision_mask = 8

[connection signal="defeat" from="HealthComponent" to="." method="_on_health_component_defeat"]
[connection signal="heavy_attack" from="RigPivot/Rig" to="." method="_on_rig_heavy_attack"]

[editable path="RigPivot/Rig"]
[editable path="RigPivot/Rig/CharacterRig"]
