[gd_scene load_steps=13 format=3 uid="uid://j3m1lwvl5jua"]

[ext_resource type="Script" uid="uid://dbqotkyisa84w" path="res://Player/player.gd" id="1_l8h54"]
[ext_resource type="Script" uid="uid://cr4eajbcbd2hw" path="res://Player/smooth_camera_arm.gd" id="2_4ntmi"]
[ext_resource type="PackedScene" uid="uid://c6pdm8b840545" path="res://Player/health_component.tscn" id="2_k53q1"]
[ext_resource type="Script" uid="uid://tx6vq6crngfy" path="res://Resources/CharacterStats.gd" id="2_od3ui"]
[ext_resource type="PackedScene" uid="uid://dhnqhg7al0gbr" path="res://Player/rig.tscn" id="3_btcbx"]
[ext_resource type="PackedScene" uid="uid://bi14s3yn7sg0g" path="res://Player/dash.tscn" id="3_vtle1"]
[ext_resource type="PackedScene" uid="uid://h1ygfm3twad1" path="res://UserInterface/user_interface.tscn" id="4_00tjw"]
[ext_resource type="Script" uid="uid://c18p0xs4w5brd" path="res://Player/attack_cast.gd" id="4_gwnis"]
[ext_resource type="PackedScene" uid="uid://c43n45klq0hda" path="res://Player/area_attack.tscn" id="6_fhl08"]

[sub_resource type="Resource" id="Resource_00tjw"]
script = ExtResource("2_od3ui")
metadata/_custom_type_script = "uid://tx6vq6crngfy"

[sub_resource type="CapsuleShape3D" id="CapsuleShape3D_hvfyp"]

[sub_resource type="SeparationRayShape3D" id="SeparationRayShape3D_l8h54"]

[node name="Player" type="CharacterBody3D" groups=["Player"]]
collision_layer = 5
script = ExtResource("1_l8h54")
stats = SubResource("Resource_00tjw")

[node name="HealthComponent" parent="." node_paths=PackedStringArray("body") instance=ExtResource("2_k53q1")]
body = NodePath("..")

[node name="UserInterface" parent="." instance=ExtResource("4_00tjw")]

[node name="CollisionShape3D" type="CollisionShape3D" parent="."]
shape = SubResource("CapsuleShape3D_hvfyp")

[node name="SmoothCameraArm" type="SpringArm3D" parent="." node_paths=PackedStringArray("target")]
transform = Transform3D(1, 0, 0, 0, 0.90630776, 0.42261827, 0, -0.42261827, 0.90630776, 0, 0, 0)
shape = SubResource("SeparationRayShape3D_l8h54")
spring_length = 4.0
script = ExtResource("2_4ntmi")
target = NodePath("../HorizontalPivot/VerticalPivot")

[node name="Camera3D" type="Camera3D" parent="SmoothCameraArm"]

[node name="HorizontalPivot" type="Node3D" parent="."]

[node name="VerticalPivot" type="Node3D" parent="HorizontalPivot"]

[node name="RigPivot" type="Node3D" parent="."]
transform = Transform3D(1, 0, 0, 0, 1, 0, 0, 0, 1, 0, -1, 0)

[node name="Dash" parent="RigPivot" node_paths=PackedStringArray("player") instance=ExtResource("3_vtle1")]
transform = Transform3D(1, 0, 0, 0, 1, 0, 0, 0, 1, 0, 0.023768127, 0)
player = NodePath("../..")

[node name="Rig" parent="RigPivot" instance=ExtResource("3_btcbx")]

[node name="Skeleton3D" parent="RigPivot/Rig/CharacterRig/GameRig" index="0"]
bones/0/position = Vector3(4.440892e-15, 0.9099602, -0.048173577)
bones/2/rotation = Quaternion(0.0063303355, -0.0002836343, 0.0032113802, 0.9999748)
bones/3/rotation = Quaternion(-0.089067675, -0.0002835184, 0.008524562, 0.99598914)
bones/4/rotation = Quaternion(0.27035248, 1.44264085e-08, 9.178464e-08, 0.9627615)
bones/6/rotation = Quaternion(-0.16460526, -1.1758329e-07, -1.9622465e-08, 0.9863596)
bones/7/position = Vector3(-2.981681e-08, 0.9099601, -0.048173465)
bones/8/position = Vector3(-7.772195e-08, 0.90996015, -0.04817353)
bones/9/position = Vector3(0.13114367, 0.9761645, -0.035129085)
bones/9/rotation = Quaternion(0.99423224, 0.02025553, -0.031244446, 0.10057722)
bones/11/rotation = Quaternion(0.395281, -0.00069519656, 0.0002992816, 0.91855997)
bones/13/rotation = Quaternion(-0.7409103, 0.011846003, 0.024361018, 0.6710576)
bones/15/position = Vector3(-0.1311437, 0.97616434, -0.0351291)
bones/15/rotation = Quaternion(0.97577727, -0.005285789, 0.027666494, 0.21694548)
bones/17/rotation = Quaternion(0.42145425, 0.0031567088, -0.0014671546, 0.90684307)
bones/19/rotation = Quaternion(-0.6782787, -0.028139176, -0.0014368297, 0.7342644)
bones/21/position = Vector3(0.025128614, 1.4395087, 0.047089305)
bones/21/rotation = Quaternion(-0.47095317, -0.267067, -0.41642338, 0.73039025)
bones/22/position = Vector3(0.1913968, 1.4783792, -0.01023519)
bones/22/rotation = Quaternion(0.021847732, -0.16393301, 0.9754716, -0.14527118)
bones/23/rotation = Quaternion(8.727865e-08, -0.03868792, 7.0480006e-08, 0.9992514)
bones/24/rotation = Quaternion(0.35056478, -0.038688507, -0.02188728, 0.93548304)
bones/46/position = Vector3(-0.011363527, 1.4395087, 0.047089294)
bones/46/rotation = Quaternion(-0.47186154, 0.26342458, 0.41447955, 0.7322301)
bones/47/position = Vector3(-0.17709684, 1.4785942, -0.011617176)
bones/47/rotation = Quaternion(-0.012330301, -0.14743945, 0.97603524, 0.15957704)
bones/48/rotation = Quaternion(1.2159872e-07, 0.05605681, 1.924271e-07, 0.9984276)
bones/49/rotation = Quaternion(0.3910712, 0.05605733, 0.027963119, 0.91822606)
bones/71/position = Vector3(0.12719111, 1.3604448, -0.024501795)
bones/71/rotation = Quaternion(2.02817e-08, 0.59881586, 0.80088675, -4.5870593e-08)
bones/72/position = Vector3(-0.113425955, 1.3604448, -0.024501821)
bones/72/rotation = Quaternion(2.0281748e-08, 0.59881586, 0.80088675, -4.5870525e-08)

[node name="RightHandBone" parent="RigPivot/Rig" index="2"]
transform = Transform3D(-0.9623436, -0.2708001, -0.02371563, 0.22180338, -0.83266246, 0.50742215, -0.157157, 0.4830541, 0.86137104, -0.35091308, 1.011729, 0.028377753)

[node name="LeftHandBone" parent="RigPivot/Rig" index="3"]
transform = Transform3D(-0.9705133, 0.23910761, 0.030521542, -0.20914532, -0.8982415, 0.38654935, 0.11984267, 0.36876795, 0.92176336, 0.34820712, 0.9945399, -0.0083699)

[node name="RayAttachment" type="BoneAttachment3D" parent="RigPivot/Rig"]
transform = Transform3D(-0.9623436, -0.2708001, -0.02371563, 0.22180338, -0.83266246, 0.50742215, -0.157157, 0.4830541, 0.86137104, -0.35091308, 1.011729, 0.028377753)
bone_name = "DEF-hand.R"
bone_idx = 51
use_external_skeleton = true
external_skeleton = NodePath("../CharacterRig/GameRig/Skeleton3D")

[node name="AttackCast" type="RayCast3D" parent="RigPivot/Rig/RayAttachment"]
unique_name_in_owner = true
transform = Transform3D(5.7282858e-08, 4.888998e-08, 1, 0.99619454, 0.08715594, -6.1325935e-08, -0.08715591, 0.9961949, -4.371139e-08, -0.03, 0.08, 0.003)
target_position = Vector3(0, 1, 0)
collision_mask = 8
script = ExtResource("4_gwnis")

[node name="AreaAttack" parent="RigPivot" instance=ExtResource("6_fhl08")]
transform = Transform3D(1, 0, 0, 0, 1, 0, 0, 0, 1, 0, 1, 1)
collision_mask = 8

[connection signal="defeat" from="HealthComponent" to="." method="_on_health_component_defeat"]
[connection signal="heavy_attack" from="RigPivot/Rig" to="." method="_on_rig_heavy_attack"]

[editable path="RigPivot/Rig"]
[editable path="RigPivot/Rig/CharacterRig"]
