[gd_scene load_steps=12 format=3 uid="uid://j3m1lwvl5jua"]

[ext_resource type="Script" uid="uid://dbqotkyisa84w" path="res://Player/player.gd" id="1_l8h54"]
[ext_resource type="Script" uid="uid://cr4eajbcbd2hw" path="res://Player/smooth_camera_arm.gd" id="2_4ntmi"]
[ext_resource type="PackedScene" uid="uid://c6pdm8b840545" path="res://Player/health_component.tscn" id="2_k53q1"]
[ext_resource type="Script" uid="uid://tx6vq6crngfy" path="res://Resources/CharacterStats.gd" id="2_od3ui"]
[ext_resource type="PackedScene" uid="uid://dhnqhg7al0gbr" path="res://Player/rig.tscn" id="3_btcbx"]
[ext_resource type="PackedScene" uid="uid://bi14s3yn7sg0g" path="res://Player/dash.tscn" id="3_vtle1"]
[ext_resource type="Script" uid="uid://c18p0xs4w5brd" path="res://Player/attack_cast.gd" id="4_gwnis"]
[ext_resource type="PackedScene" uid="uid://c43n45klq0hda" path="res://Player/area_attack.tscn" id="6_fhl08"]

[sub_resource type="Resource" id="Resource_00tjw"]
script = ExtResource("2_od3ui")
metadata/_custom_type_script = "uid://tx6vq6crngfy"

[sub_resource type="CapsuleShape3D" id="CapsuleShape3D_hvfyp"]

[sub_resource type="SeparationRayShape3D" id="SeparationRayShape3D_l8h54"]

[node name="Player" type="CharacterBody3D" groups=["Player"]]
collision_layer = 5
script = ExtResource("1_l8h54")
stats = SubResource("Resource_00tjw")

[node name="HealthComponent" parent="." node_paths=PackedStringArray("body") instance=ExtResource("2_k53q1")]
body = NodePath("..")

[node name="CollisionShape3D" type="CollisionShape3D" parent="."]
shape = SubResource("CapsuleShape3D_hvfyp")

[node name="SmoothCameraArm" type="SpringArm3D" parent="." node_paths=PackedStringArray("target")]
transform = Transform3D(1, 0, 0, 0, 0.90630776, 0.42261827, 0, -0.42261827, 0.90630776, 0, 0, 0)
shape = SubResource("SeparationRayShape3D_l8h54")
spring_length = 4.0
script = ExtResource("2_4ntmi")
target = NodePath("../HorizontalPivot/VerticalPivot")

[node name="Camera3D" type="Camera3D" parent="SmoothCameraArm"]

[node name="HorizontalPivot" type="Node3D" parent="."]

[node name="VerticalPivot" type="Node3D" parent="HorizontalPivot"]

[node name="RigPivot" type="Node3D" parent="."]
transform = Transform3D(1, 0, 0, 0, 1, 0, 0, 0, 1, 0, -1, 0)

[node name="Dash" parent="RigPivot" node_paths=PackedStringArray("player") instance=ExtResource("3_vtle1")]
transform = Transform3D(1, 0, 0, 0, 1, 0, 0, 0, 1, 0, 0.023768127, 0)
player = NodePath("../..")

[node name="Rig" parent="RigPivot" instance=ExtResource("3_btcbx")]

[node name="Skeleton3D" parent="RigPivot/Rig/CharacterRig/GameRig" index="0"]
bones/0/position = Vector3(4.440892e-15, 0.90991783, -0.048173577)
bones/2/rotation = Quaternion(0.0062974337, -0.00028416762, 0.0032113956, 0.999975)
bones/3/rotation = Quaternion(-0.08909747, -0.0002839068, 0.008524546, 0.99598646)
bones/4/rotation = Quaternion(0.27037963, 1.442773e-08, 9.1791364e-08, 0.96275383)
bones/6/rotation = Quaternion(-0.1645711, -1.1758397e-07, -1.9618389e-08, 0.9863653)
bones/7/position = Vector3(-2.9281535e-08, 0.9099177, -0.048173465)
bones/8/position = Vector3(-7.914409e-08, 0.9099178, -0.04817353)
bones/9/position = Vector3(0.13114367, 0.97612214, -0.035129085)
bones/9/rotation = Quaternion(0.9942282, 0.020257706, -0.0312434, 0.1006177)
bones/11/rotation = Quaternion(0.3954289, -0.00069524505, 0.00029943438, 0.9184964)
bones/13/rotation = Quaternion(-0.7409807, 0.011846266, 0.024361277, 0.67097974)
bones/15/position = Vector3(-0.1311437, 0.97612196, -0.0351291)
bones/15/rotation = Quaternion(0.9757684, -0.0052875592, 0.027665269, 0.21698603)
bones/17/rotation = Quaternion(0.42158774, 0.0031575004, -0.0014680872, 0.90678096)
bones/19/rotation = Quaternion(-0.67831445, -0.028139371, -0.0014343236, 0.73423135)
bones/21/position = Vector3(0.025128614, 1.4394686, 0.047074035)
bones/21/rotation = Quaternion(-0.4710698, -0.26702115, -0.41633737, 0.7303809)
bones/22/position = Vector3(0.19138259, 1.4783053, -0.010307286)
bones/22/rotation = Quaternion(0.021996215, -0.1639109, 0.9754684, -0.14529604)
bones/23/rotation = Quaternion(9.13279e-08, -0.038568337, 6.637844e-08, 0.9992561)
bones/24/rotation = Quaternion(0.35029656, -0.038568903, -0.021870568, 0.9355889)
bones/46/position = Vector3(-0.011363527, 1.4394686, 0.04707402)
bones/46/rotation = Quaternion(-0.4720725, 0.26319963, 0.4142684, 0.73229444)
bones/47/position = Vector3(-0.17705217, 1.4785253, -0.011771152)
bones/47/rotation = Quaternion(-0.012667854, -0.1473843, 0.97603095, 0.15962803)
bones/48/rotation = Quaternion(1.1974375e-07, 0.055831306, 1.8813282e-07, 0.99844027)
bones/49/rotation = Quaternion(0.39076415, 0.055831805, 0.027976727, 0.9183701)
bones/71/position = Vector3(0.12719111, 1.3603965, -0.02450795)
bones/71/rotation = Quaternion(2.0275989e-08, 0.5988997, 0.8008241, -4.5873932e-08)
bones/72/position = Vector3(-0.113425955, 1.3603965, -0.024507975)
bones/72/rotation = Quaternion(2.0276039e-08, 0.5988998, 0.80082405, -4.5873865e-08)

[node name="RightHandBone" parent="RigPivot/Rig" index="2"]
transform = Transform3D(-0.9623436, -0.2707998, -0.023715923, 0.22191434, -0.83300453, 0.5068114, -0.1569999, 0.4824639, 0.86173046, -0.35086828, 1.0115724, 0.028077636)

[node name="LeftHandBone" parent="RigPivot/Rig" index="3"]
transform = Transform3D(-0.97051364, 0.23910734, 0.030521732, -0.20921738, -0.8984643, 0.3859925, 0.11971634, 0.36822525, 0.9219967, 0.3481928, 0.9944081, -0.008577071)

[node name="RayAttachment" type="BoneAttachment3D" parent="RigPivot/Rig"]
transform = Transform3D(-0.9623436, -0.2707998, -0.023715923, 0.22191434, -0.83300453, 0.5068114, -0.1569999, 0.4824639, 0.86173046, -0.35086828, 1.0115724, 0.028077636)
bone_name = "DEF-hand.R"
bone_idx = 51
use_external_skeleton = true
external_skeleton = NodePath("../CharacterRig/GameRig/Skeleton3D")

[node name="AttackCast" type="RayCast3D" parent="RigPivot/Rig/RayAttachment"]
unique_name_in_owner = true
transform = Transform3D(5.7282858e-08, 4.888998e-08, 1, 0.99619454, 0.08715594, -6.1325935e-08, -0.08715591, 0.9961949, -4.371139e-08, -0.03, 0.08, 0.003)
target_position = Vector3(0, 1, 0)
collision_mask = 8
script = ExtResource("4_gwnis")

[node name="AreaAttack" parent="RigPivot" instance=ExtResource("6_fhl08")]
transform = Transform3D(1, 0, 0, 0, 1, 0, 0, 0, 1, 0, 1, 1)
collision_mask = 8

[connection signal="defeat" from="HealthComponent" to="." method="_on_health_component_defeat"]
[connection signal="heavy_attack" from="RigPivot/Rig" to="." method="_on_rig_heavy_attack"]

[editable path="RigPivot/Rig"]
[editable path="RigPivot/Rig/CharacterRig"]
