[gd_scene load_steps=13 format=3 uid="uid://j3m1lwvl5jua"]

[ext_resource type="Script" uid="uid://dbqotkyisa84w" path="res://Player/player.gd" id="1_l8h54"]
[ext_resource type="Script" uid="uid://cr4eajbcbd2hw" path="res://Player/smooth_camera_arm.gd" id="2_4ntmi"]
[ext_resource type="PackedScene" uid="uid://c6pdm8b840545" path="res://Player/health_component.tscn" id="2_k53q1"]
[ext_resource type="Script" uid="uid://tx6vq6crngfy" path="res://Resources/CharacterStats.gd" id="2_od3ui"]
[ext_resource type="PackedScene" uid="uid://dhnqhg7al0gbr" path="res://Player/rig.tscn" id="3_btcbx"]
[ext_resource type="PackedScene" uid="uid://bi14s3yn7sg0g" path="res://Player/dash.tscn" id="3_vtle1"]
[ext_resource type="PackedScene" uid="uid://h1ygfm3twad1" path="res://UserInterface/user_interface.tscn" id="4_00tjw"]
[ext_resource type="Script" uid="uid://c18p0xs4w5brd" path="res://Player/attack_cast.gd" id="4_gwnis"]
[ext_resource type="PackedScene" uid="uid://c43n45klq0hda" path="res://Player/area_attack.tscn" id="6_fhl08"]

[sub_resource type="Resource" id="Resource_00tjw"]
script = ExtResource("2_od3ui")
metadata/_custom_type_script = "uid://tx6vq6crngfy"

[sub_resource type="CapsuleShape3D" id="CapsuleShape3D_hvfyp"]

[sub_resource type="SeparationRayShape3D" id="SeparationRayShape3D_l8h54"]

[node name="Player" type="CharacterBody3D" groups=["Player"]]
collision_layer = 5
script = ExtResource("1_l8h54")
stats = SubResource("Resource_00tjw")

[node name="HealthComponent" parent="." node_paths=PackedStringArray("body") instance=ExtResource("2_k53q1")]
body = NodePath("..")

[node name="UserInterface" parent="." node_paths=PackedStringArray("player") instance=ExtResource("4_00tjw")]
player = NodePath("..")

[node name="CollisionShape3D" type="CollisionShape3D" parent="."]
shape = SubResource("CapsuleShape3D_hvfyp")

[node name="SmoothCameraArm" type="SpringArm3D" parent="." node_paths=PackedStringArray("target")]
transform = Transform3D(1, 0, 0, 0, 0.90630776, 0.42261827, 0, -0.42261827, 0.90630776, 0, 0, 0)
shape = SubResource("SeparationRayShape3D_l8h54")
spring_length = 4.0
script = ExtResource("2_4ntmi")
target = NodePath("../HorizontalPivot/VerticalPivot")

[node name="Camera3D" type="Camera3D" parent="SmoothCameraArm"]

[node name="HorizontalPivot" type="Node3D" parent="."]

[node name="VerticalPivot" type="Node3D" parent="HorizontalPivot"]

[node name="RigPivot" type="Node3D" parent="."]
transform = Transform3D(1, 0, 0, 0, 1, 0, 0, 0, 1, 0, -1, 0)

[node name="Dash" parent="RigPivot" node_paths=PackedStringArray("player") instance=ExtResource("3_vtle1")]
transform = Transform3D(1, 0, 0, 0, 1, 0, 0, 0, 1, 0, 0.023768127, 0)
player = NodePath("../..")

[node name="Rig" parent="RigPivot" instance=ExtResource("3_btcbx")]

[node name="Skeleton3D" parent="RigPivot/Rig/CharacterRig/GameRig" index="0"]
bones/0/position = Vector3(7.599935e-15, 0.89522636, -0.048173543)
bones/2/rotation = Quaternion(-0.0030455368, -0.00043559176, 0.0032151567, 0.99999017)
bones/3/rotation = Quaternion(-0.097556725, -0.00039392355, 0.008519378, 0.9951935)
bones/4/rotation = Quaternion(0.27812678, 1.4796491e-08, 9.375027e-08, 0.96054435)
bones/6/rotation = Quaternion(-0.15486854, -1.1777109e-07, -1.8461758e-08, 0.9879351)
bones/7/position = Vector3(-2.7381487e-08, 0.89522624, -0.048173457)
bones/8/position = Vector3(-4.9449007e-08, 0.89522624, -0.048173513)
bones/9/position = Vector3(0.13114366, 0.9614305, -0.035129093)
bones/9/rotation = Quaternion(0.992798, 0.02098374, -0.03089684, 0.11383038)
bones/11/rotation = Quaternion(0.4253277, -0.00070065976, 0.00032943345, 0.9050392)
bones/13/rotation = Quaternion(-0.75379556, 0.01189358, 0.024415988, 0.6565476)
bones/15/position = Vector3(-0.1311437, 0.9614305, -0.035129108)
bones/15/rotation = Quaternion(0.97264695, -0.005885209, 0.027250465, 0.23060958)
bones/17/rotation = Quaternion(0.44905865, 0.0033199925, -0.0016686963, 0.8934946)
bones/19/rotation = Quaternion(-0.69028574, -0.028203703, -0.00058427587, 0.7229868)
bones/21/position = Vector3(0.025128616, 1.4254856, 0.0417568)
bones/21/rotation = Quaternion(-0.49594018, -0.25689113, -0.3981189, 0.72770303)
bones/22/position = Vector3(0.18812609, 1.4620452, -0.02558894)
bones/22/rotation = Quaternion(0.0534181, -0.15914378, 0.974253, -0.1505026)
bones/23/rotation = Quaternion(1.0899767e-07, -0.013046408, 1.3807114e-08, 0.99991494)
bones/24/rotation = Quaternion(0.29233554, -0.013047089, -0.017771805, 0.9560618)
bones/46/position = Vector3(-0.011363526, 1.4254857, 0.04175678)
bones/46/rotation = Quaternion(-0.5169348, 0.21415862, 0.3688486, 0.742203)
bones/47/position = Vector3(-0.16548531, 1.4624147, -0.04381109)
bones/47/rotation = Quaternion(-0.084277906, -0.1352693, 0.972468, 0.1700157)
bones/48/rotation = Quaternion(-5.6937733e-08, 0.0073924055, -1.3074964e-07, 0.99997276)
bones/49/rotation = Quaternion(0.32418305, 0.00739279, 0.028857663, 0.9455252)
bones/71/position = Vector3(0.12719111, 1.3436028, -0.026595429)
bones/71/rotation = Quaternion(1.9186912e-08, 0.61481786, 0.7886691, -4.6484125e-08)
bones/72/position = Vector3(-0.113425955, 1.3436028, -0.026595455)
bones/72/rotation = Quaternion(1.9186967e-08, 0.61481786, 0.7886691, -4.6484054e-08)

[node name="RightHandBone" parent="RigPivot/Rig" index="2"]
transform = Transform3D(-0.9623429, -0.27080226, -0.023714108, 0.24306135, -0.89625156, 0.37101907, -0.12172661, 0.35128352, 0.92832226, -0.33930203, 0.97914064, -0.03649093)

[node name="LeftHandBone" parent="RigPivot/Rig" index="3"]
transform = Transform3D(-0.97051316, 0.2391082, 0.030521357, -0.22288702, -0.9383857, 0.2641095, 0.091791615, 0.24951898, 0.9640095, 0.3449366, 0.96769917, -0.053438053)

[node name="RayAttachment" type="BoneAttachment3D" parent="RigPivot/Rig"]
transform = Transform3D(-0.9623429, -0.27080226, -0.023714108, 0.24306135, -0.89625156, 0.37101907, -0.12172661, 0.35128352, 0.92832226, -0.33930203, 0.97914064, -0.03649093)
bone_name = "DEF-hand.R"
bone_idx = 51
use_external_skeleton = true
external_skeleton = NodePath("../CharacterRig/GameRig/Skeleton3D")

[node name="AttackCast" type="RayCast3D" parent="RigPivot/Rig/RayAttachment"]
unique_name_in_owner = true
transform = Transform3D(5.7282858e-08, 4.888998e-08, 1, 0.99619454, 0.08715594, -6.1325935e-08, -0.08715591, 0.9961949, -4.371139e-08, -0.03, 0.08, 0.003)
target_position = Vector3(0, 1, 0)
collision_mask = 8
script = ExtResource("4_gwnis")

[node name="AreaAttack" parent="RigPivot" instance=ExtResource("6_fhl08")]
transform = Transform3D(1, 0, 0, 0, 1, 0, 0, 0, 1, 0, 1, 1)
collision_mask = 8

[connection signal="defeat" from="HealthComponent" to="." method="_on_health_component_defeat"]
[connection signal="health_changed" from="HealthComponent" to="UserInterface" method="update_health"]
[connection signal="heavy_attack" from="RigPivot/Rig" to="." method="_on_rig_heavy_attack"]

[editable path="RigPivot/Rig"]
[editable path="RigPivot/Rig/CharacterRig"]
