[gd_scene load_steps=12 format=3 uid="uid://j3m1lwvl5jua"]

[ext_resource type="Script" uid="uid://dbqotkyisa84w" path="res://Player/player.gd" id="1_l8h54"]
[ext_resource type="Script" uid="uid://cr4eajbcbd2hw" path="res://Player/smooth_camera_arm.gd" id="2_4ntmi"]
[ext_resource type="PackedScene" uid="uid://c6pdm8b840545" path="res://Player/health_component.tscn" id="2_k53q1"]
[ext_resource type="Script" uid="uid://tx6vq6crngfy" path="res://Resources/CharacterStats.gd" id="2_od3ui"]
[ext_resource type="PackedScene" uid="uid://dhnqhg7al0gbr" path="res://Player/rig.tscn" id="3_btcbx"]
[ext_resource type="PackedScene" uid="uid://bi14s3yn7sg0g" path="res://Player/dash.tscn" id="3_vtle1"]
[ext_resource type="Script" uid="uid://c18p0xs4w5brd" path="res://Player/attack_cast.gd" id="4_gwnis"]
[ext_resource type="PackedScene" uid="uid://c43n45klq0hda" path="res://Player/area_attack.tscn" id="6_fhl08"]

[sub_resource type="Resource" id="Resource_00tjw"]
script = ExtResource("2_od3ui")
metadata/_custom_type_script = "uid://tx6vq6crngfy"

[sub_resource type="CapsuleShape3D" id="CapsuleShape3D_hvfyp"]

[sub_resource type="SeparationRayShape3D" id="SeparationRayShape3D_l8h54"]

[node name="Player" type="CharacterBody3D"]
collision_layer = 5
script = ExtResource("1_l8h54")
stats = SubResource("Resource_00tjw")

[node name="HealthComponent" parent="." instance=ExtResource("2_k53q1")]

[node name="CollisionShape3D" type="CollisionShape3D" parent="."]
shape = SubResource("CapsuleShape3D_hvfyp")

[node name="SmoothCameraArm" type="SpringArm3D" parent="." node_paths=PackedStringArray("target")]
transform = Transform3D(1, 0, 0, 0, 0.90630776, 0.42261827, 0, -0.42261827, 0.90630776, 0, 0, 0)
shape = SubResource("SeparationRayShape3D_l8h54")
spring_length = 4.0
script = ExtResource("2_4ntmi")
target = NodePath("../HorizontalPivot/VerticalPivot")

[node name="Camera3D" type="Camera3D" parent="SmoothCameraArm"]

[node name="HorizontalPivot" type="Node3D" parent="."]

[node name="VerticalPivot" type="Node3D" parent="HorizontalPivot"]

[node name="RigPivot" type="Node3D" parent="."]
transform = Transform3D(1, 0, 0, 0, 1, 0, 0, 0, 1, 0, -1, 0)

[node name="Dash" parent="RigPivot" node_paths=PackedStringArray("player") instance=ExtResource("3_vtle1")]
transform = Transform3D(1, 0, 0, 0, 1, 0, 0, 0, 1, 0, 0.023768127, 0)
player = NodePath("../..")

[node name="Rig" parent="RigPivot" instance=ExtResource("3_btcbx")]

[node name="Skeleton3D" parent="RigPivot/Rig/CharacterRig/GameRig" index="0"]
bones/0/position = Vector3(9.3707424e-15, 0.89485246, -0.04817354)
bones/2/rotation = Quaternion(-0.0032877252, -0.00043951647, 0.0032152534, 0.9999894)
bones/3/rotation = Quaternion(-0.09776719, -0.00039665814, 0.008519216, 0.9951728)
bones/4/rotation = Quaternion(0.27815706, 1.4592793e-08, 9.447006e-08, 0.96053565)
bones/6/rotation = Quaternion(-0.15461694, -1.174771e-07, -2.0341854e-08, 0.9879745)
bones/7/position = Vector3(-2.9374842e-08, 0.89485234, -0.048173457)
bones/8/position = Vector3(-5.5201532e-08, 0.89485234, -0.048173513)
bones/9/position = Vector3(0.13114366, 0.9610566, -0.035129093)
bones/9/rotation = Quaternion(0.9927646, 0.021000193, -0.030889178, 0.11412037)
bones/11/rotation = Quaternion(0.42600292, -0.0007006643, 0.000330065, 0.9047215)
bones/13/rotation = Quaternion(-0.7540895, 0.011894663, 0.024417622, 0.6562099)
bones/15/position = Vector3(-0.1311437, 0.9610566, -0.035129108)
bones/15/rotation = Quaternion(0.972576, -0.0058984193, 0.027241262, 0.23090939)
bones/17/rotation = Quaternion(0.4496903, 0.0033237285, -0.0016735161, 0.89317685)
bones/19/rotation = Quaternion(-0.690548, -0.028205097, -0.00056536205, 0.72273624)
bones/21/position = Vector3(0.025128616, 1.4251598, 0.04163332)
bones/21/rotation = Quaternion(-0.49654457, -0.25663656, -0.3976792, 0.72762114)
bones/22/position = Vector3(0.18804148, 1.461638, -0.025957592)
bones/22/rotation = Quaternion(0.054175165, -0.15902677, 0.97421116, -0.15062624)
bones/23/rotation = Quaternion(1.0163452e-07, -0.0124267945, -1.6888649e-08, 0.9999229)
bones/24/rotation = Quaternion(0.2909117, -0.012427462, -0.017659793, 0.9565062)
bones/46/position = Vector3(-0.011363526, 1.4251598, 0.041633297)
bones/46/rotation = Quaternion(-0.51801854, 0.21294267, 0.36773628, 0.7423492)
bones/47/position = Vector3(-0.16515514, 1.4619888, -0.044566244)
bones/47/rotation = Quaternion(-0.08600557, -0.13496695, 0.9723168, 0.17025574)
bones/48/rotation = Quaternion(-7.744255e-08, 0.0062100003, -1.3095979e-07, 0.99998075)
bones/49/rotation = Quaternion(0.32254344, 0.0062103984, 0.028830634, 0.94609517)
bones/71/position = Vector3(0.12719111, 1.3431937, -0.026645094)
bones/71/rotation = Quaternion(1.9160273e-08, 0.6152057, 0.7883667, -4.6498393e-08)
bones/72/position = Vector3(-0.113425955, 1.3431935, -0.02664512)
bones/72/rotation = Quaternion(1.9166507e-08, 0.61511654, 0.78843623, -4.6494886e-08)

[node name="RightHandBone" parent="RigPivot/Rig" index="2"]
transform = Transform3D(-0.9623428, -0.27080333, -0.023713203, 0.24350901, -0.89753765, 0.3676005, -0.120830886, 0.34798327, 0.9296812, -0.3389721, 0.9783804, -0.03806562)

[node name="LeftHandBone" parent="RigPivot/Rig" index="3"]
transform = Transform3D(-0.9705133, 0.23910849, 0.030521108, -0.2231742, -0.93916374, 0.26108423, 0.09109181, 0.24657413, 0.9648332, 0.34485206, 0.96708596, -0.0545413)

[node name="RayAttachment" type="BoneAttachment3D" parent="RigPivot/Rig"]
transform = Transform3D(-0.9623428, -0.27080333, -0.023713203, 0.24350901, -0.89753765, 0.3676005, -0.120830886, 0.34798327, 0.9296812, -0.3389721, 0.9783804, -0.03806562)
bone_name = "DEF-hand.R"
bone_idx = 51
use_external_skeleton = true
external_skeleton = NodePath("../CharacterRig/GameRig/Skeleton3D")

[node name="AttackCast" type="RayCast3D" parent="RigPivot/Rig/RayAttachment"]
unique_name_in_owner = true
transform = Transform3D(5.7282858e-08, 4.888998e-08, 1, 0.99619454, 0.08715594, -6.1325935e-08, -0.08715591, 0.9961949, -4.371139e-08, -0.03, 0.08, 0.003)
target_position = Vector3(0, 1, 0)
collision_mask = 8
script = ExtResource("4_gwnis")

[node name="AreaAttack" parent="RigPivot" instance=ExtResource("6_fhl08")]
transform = Transform3D(1, 0, 0, 0, 1, 0, 0, 0, 1, 0, 1, 1)
collision_mask = 8

[connection signal="defeat" from="HealthComponent" to="." method="_on_health_component_defeat"]
[connection signal="heavy_attack" from="RigPivot/Rig" to="." method="_on_rig_heavy_attack"]

[editable path="RigPivot/Rig"]
[editable path="RigPivot/Rig/CharacterRig"]
