[gd_scene load_steps=12 format=3 uid="uid://j3m1lwvl5jua"]

[ext_resource type="Script" uid="uid://dbqotkyisa84w" path="res://Player/player.gd" id="1_l8h54"]
[ext_resource type="Script" uid="uid://cr4eajbcbd2hw" path="res://Player/smooth_camera_arm.gd" id="2_4ntmi"]
[ext_resource type="PackedScene" uid="uid://c6pdm8b840545" path="res://Player/health_component.tscn" id="2_k53q1"]
[ext_resource type="Script" uid="uid://tx6vq6crngfy" path="res://Resources/CharacterStats.gd" id="2_od3ui"]
[ext_resource type="PackedScene" uid="uid://dhnqhg7al0gbr" path="res://Player/rig.tscn" id="3_btcbx"]
[ext_resource type="PackedScene" uid="uid://bi14s3yn7sg0g" path="res://Player/dash.tscn" id="3_vtle1"]
[ext_resource type="Script" uid="uid://c18p0xs4w5brd" path="res://Player/attack_cast.gd" id="4_gwnis"]
[ext_resource type="PackedScene" uid="uid://c43n45klq0hda" path="res://Player/area_attack.tscn" id="6_fhl08"]

[sub_resource type="Resource" id="Resource_00tjw"]
script = ExtResource("2_od3ui")
metadata/_custom_type_script = "uid://tx6vq6crngfy"

[sub_resource type="CapsuleShape3D" id="CapsuleShape3D_hvfyp"]

[sub_resource type="SeparationRayShape3D" id="SeparationRayShape3D_l8h54"]

[node name="Player" type="CharacterBody3D" groups=["Player"]]
collision_layer = 5
script = ExtResource("1_l8h54")
stats = SubResource("Resource_00tjw")

[node name="HealthComponent" parent="." instance=ExtResource("2_k53q1")]

[node name="CollisionShape3D" type="CollisionShape3D" parent="."]
shape = SubResource("CapsuleShape3D_hvfyp")

[node name="SmoothCameraArm" type="SpringArm3D" parent="." node_paths=PackedStringArray("target")]
transform = Transform3D(1, 0, 0, 0, 0.90630776, 0.42261827, 0, -0.42261827, 0.90630776, 0, 0, 0)
shape = SubResource("SeparationRayShape3D_l8h54")
spring_length = 4.0
script = ExtResource("2_4ntmi")
target = NodePath("../HorizontalPivot/VerticalPivot")

[node name="Camera3D" type="Camera3D" parent="SmoothCameraArm"]

[node name="HorizontalPivot" type="Node3D" parent="."]

[node name="VerticalPivot" type="Node3D" parent="HorizontalPivot"]

[node name="RigPivot" type="Node3D" parent="."]
transform = Transform3D(1, 0, 0, 0, 1, 0, 0, 0, 1, 0, -1, 0)

[node name="Dash" parent="RigPivot" node_paths=PackedStringArray("player") instance=ExtResource("3_vtle1")]
transform = Transform3D(1, 0, 0, 0, 1, 0, 0, 0, 1, 0, 0.023768127, 0)
player = NodePath("../..")

[node name="Rig" parent="RigPivot" instance=ExtResource("3_btcbx")]

[node name="Skeleton3D" parent="RigPivot/Rig/CharacterRig/GameRig" index="0"]
bones/0/position = Vector3(1.3756488e-14, 0.898404, -0.04817352)
bones/2/rotation = Quaternion(-0.0009878797, -0.00040223825, 0.0032145043, 0.99999434)
bones/3/rotation = Quaternion(-0.09571013, -0.00036992342, 0.008520523, 0.9953727)
bones/4/rotation = Quaternion(0.2763922, 1.5308963e-08, 9.124606e-08, 0.96104497)
bones/6/rotation = Quaternion(-0.15700725, -1.17730934e-07, -1.8716282e-08, 0.9875975)
bones/7/position = Vector3(-1.3278307e-08, 0.8984038, -0.04817345)
bones/8/position = Vector3(-8.657977e-08, 0.8984039, -0.048173502)
bones/9/position = Vector3(0.13114367, 0.964608, -0.035129096)
bones/9/rotation = Quaternion(0.9931006, 0.020833177, -0.030967098, 0.11116779)
bones/11/rotation = Quaternion(0.41922587, -0.00070042635, 0.00032357502, 0.9078817)
bones/13/rotation = Quaternion(-0.75115764, 0.011884091, 0.024401892, 0.6595646)
bones/15/position = Vector3(-0.1311437, 0.9646082, -0.035129108)
bones/15/rotation = Quaternion(0.973323, -0.005758472, 0.027338626, 0.22773208)
bones/17/rotation = Quaternion(0.44328696, 0.0032859105, -0.0016250781, 0.8963723)
bones/19/rotation = Quaternion(-0.68776506, -0.028190345, -0.0007651353, 0.7253854)
bones/21/position = Vector3(0.025128616, 1.4285475, 0.04291829)
bones/21/rotation = Quaternion(-0.49052462, -0.25915438, -0.40206566, 0.72840095)
bones/22/position = Vector3(0.1888721, 1.4656663, -0.022279046)
bones/22/rotation = Quaternion(0.046619125, -0.16018999, 0.974602, -0.14938849)
bones/23/rotation = Quaternion(4.262835e-08, -0.018601492, 8.966364e-08, 0.99982697)
bones/24/rotation = Quaternion(0.30506647, -0.018602112, -0.01874979, 0.9519648)
bones/46/position = Vector3(-0.011363526, 1.4285475, 0.042918276)
bones/46/rotation = Quaternion(-0.50720805, 0.22500575, 0.37880075, 0.7406905)
bones/47/position = Vector3(-0.1683389, 1.4661567, -0.036987364)
bones/47/rotation = Quaternion(-0.06876498, -0.13796243, 0.97368795, 0.16783789)
bones/48/rotation = Quaternion(1.0022808e-07, 0.017981043, 1.15108286e-07, 0.99983835)
bones/49/rotation = Quaternion(0.33883795, 0.017981311, 0.02899677, 0.94022596)
bones/71/position = Vector3(0.12719111, 1.3472687, -0.026147857)
bones/71/rotation = Quaternion(1.942422e-08, 0.6113602, 0.7913525, -4.6355634e-08)
bones/72/position = Vector3(-0.113425955, 1.3472687, -0.026147882)
bones/72/rotation = Quaternion(1.9424277e-08, 0.6113602, 0.7913525, -4.6355574e-08)

[node name="RightHandBone" parent="RigPivot/Rig" index="2"]
transform = Transform3D(-0.962344, -0.27079794, -0.023717884, 0.23890933, -0.8841803, 0.40143222, -0.12967792, 0.38064948, 0.91558135, -0.34215456, 0.98601466, -0.022377167)

[node name="LeftHandBone" parent="RigPivot/Rig" index="3"]
transform = Transform3D(-0.9705136, 0.23910715, 0.0305221, -0.22021735, -0.9310007, 0.29110482, 0.0980214, 0.2757998, 0.956204, 0.34568238, 0.9732696, -0.04357398)

[node name="RayAttachment" type="BoneAttachment3D" parent="RigPivot/Rig"]
transform = Transform3D(-0.962344, -0.27079794, -0.023717884, 0.23890933, -0.8841803, 0.40143222, -0.12967792, 0.38064948, 0.91558135, -0.34215456, 0.98601466, -0.022377167)
bone_name = "DEF-hand.R"
bone_idx = 51
use_external_skeleton = true
external_skeleton = NodePath("../CharacterRig/GameRig/Skeleton3D")

[node name="AttackCast" type="RayCast3D" parent="RigPivot/Rig/RayAttachment"]
unique_name_in_owner = true
transform = Transform3D(5.7282858e-08, 4.888998e-08, 1, 0.99619454, 0.08715594, -6.1325935e-08, -0.08715591, 0.9961949, -4.371139e-08, -0.03, 0.08, 0.003)
target_position = Vector3(0, 1, 0)
collision_mask = 8
script = ExtResource("4_gwnis")

[node name="AreaAttack" parent="RigPivot" instance=ExtResource("6_fhl08")]
transform = Transform3D(1, 0, 0, 0, 1, 0, 0, 0, 1, 0, 1, 1)
collision_mask = 8

[connection signal="defeat" from="HealthComponent" to="." method="_on_health_component_defeat"]
[connection signal="heavy_attack" from="RigPivot/Rig" to="." method="_on_rig_heavy_attack"]

[editable path="RigPivot/Rig"]
[editable path="RigPivot/Rig/CharacterRig"]
