[gd_scene load_steps=7 format=3 uid="uid://j3m1lwvl5jua"]

[ext_resource type="Script" uid="uid://dbqotkyisa84w" path="res://Player/player.gd" id="1_l8h54"]
[ext_resource type="Script" uid="uid://cr4eajbcbd2hw" path="res://Player/smooth_camera_arm.gd" id="2_4ntmi"]
[ext_resource type="PackedScene" uid="uid://dhnqhg7al0gbr" path="res://Player/rig.tscn" id="3_btcbx"]
[ext_resource type="Script" uid="uid://c18p0xs4w5brd" path="res://Player/attack_cast.gd" id="4_gwnis"]

[sub_resource type="CapsuleShape3D" id="CapsuleShape3D_hvfyp"]

[sub_resource type="SeparationRayShape3D" id="SeparationRayShape3D_l8h54"]

[node name="Player" type="CharacterBody3D"]
script = ExtResource("1_l8h54")

[node name="CollisionShape3D" type="CollisionShape3D" parent="."]
shape = SubResource("CapsuleShape3D_hvfyp")

[node name="SmoothCameraArm" type="SpringArm3D" parent="." node_paths=PackedStringArray("target")]
transform = Transform3D(1, 0, 0, 0, 0.90630776, 0.42261827, 0, -0.42261827, 0.90630776, 0, 0, 0)
shape = SubResource("SeparationRayShape3D_l8h54")
spring_length = 4.0
script = ExtResource("2_4ntmi")
target = NodePath("../HorizontalPivot/VerticalPivot")

[node name="Camera3D" type="Camera3D" parent="SmoothCameraArm"]

[node name="HorizontalPivot" type="Node3D" parent="."]

[node name="VerticalPivot" type="Node3D" parent="HorizontalPivot"]

[node name="RigPivot" type="Node3D" parent="."]
transform = Transform3D(1, 0, 0, 0, 1, 0, 0, 0, 1, 0, -1, 0)

[node name="Rig" parent="RigPivot" instance=ExtResource("3_btcbx")]

[node name="Skeleton3D" parent="RigPivot/Rig/CharacterRig/GameRig" index="0"]
bones/0/position = Vector3(4.0862182e-15, 0.90683216, -0.048173565)
bones/2/rotation = Quaternion(0.0044681965, -0.00031381383, 0.0032122363, 0.9999848)
bones/3/rotation = Quaternion(-0.09075589, -0.00030548786, 0.008523602, 0.99583673)
bones/4/rotation = Quaternion(0.27189127, 1.4923282e-08, 9.0678775e-08, 0.9623281)
bones/6/rotation = Quaternion(-0.16267528, -1.1752724e-07, -1.9972939e-08, 0.98667973)
bones/7/position = Vector3(-2.5972332e-08, 0.90683204, -0.048173465)
bones/8/position = Vector3(-3.1212306e-08, 0.9068321, -0.048173524)
bones/9/position = Vector3(0.13114367, 0.97303635, -0.035129108)
bones/9/rotation = Quaternion(0.99392873, 0.020414615, -0.031167585, 0.10352586)
bones/11/rotation = Quaternion(0.4019898, -0.00069715525, 0.0003062146, 0.9156438)
bones/13/rotation = Quaternion(-0.74375975, 0.01185651, 0.024371494, 0.6678974)
bones/15/position = Vector3(-0.1311437, 0.97303635, -0.035129108)
bones/15/rotation = Quaternion(0.975115, -0.005415305, 0.02757675, 0.2199113)
bones/17/rotation = Quaternion(0.4275212, 0.0031926886, -0.0015099769, 0.90399843)
bones/19/rotation = Quaternion(-0.68089306, -0.028153535, -0.0012531069, 0.7318405)
bones/21/position = Vector3(0.025128612, 1.4365647, 0.045967177)
bones/21/rotation = Quaternion(-0.47629252, -0.26494908, -0.4124932, 0.7299294)
bones/22/position = Vector3(0.19073409, 1.4749676, -0.013532239)
bones/22/rotation = Quaternion(0.02863487, -0.16291818, 0.975296, -0.14640841)
bones/23/rotation = Quaternion(2.357688e-08, -0.033209614, 4.6430163e-08, 0.9994485)
bones/24/rotation = Quaternion(0.33824268, -0.03321053, -0.021094266, 0.94023615)
bones/46/position = Vector3(-0.011363527, 1.4365647, 0.04596716)
bones/46/rotation = Quaternion(-0.48152933, 0.25307056, 0.40479732, 0.73499936)
bones/47/position = Vector3(-0.17494692, 1.4753655, -0.018632995)
bones/47/rotation = Quaternion(-0.02777278, -0.14489591, 0.9757181, 0.16188975)
bones/48/rotation = Quaternion(-6.7843324e-08, 0.045709155, -1.2129613e-07, 0.9989549)
bones/49/rotation = Quaternion(0.3769555, 0.045709863, 0.028482888, 0.92466426)
bones/71/position = Vector3(0.12719111, 1.3568965, -0.02495068)
bones/71/rotation = Quaternion(2.0049955e-08, 0.6022148, 0.79833406, -4.6004896e-08)
bones/72/position = Vector3(-0.113425955, 1.3568965, -0.024950704)
bones/72/rotation = Quaternion(2.0049992e-08, 0.6022148, 0.79833406, -4.6004818e-08)

[node name="RightHandBone" parent="RigPivot/Rig" index="2"]
transform = Transform3D(-0.96234226, -0.2708048, -0.023710439, 0.22679535, -0.84790444, 0.4791892, -0.14987087, 0.45576665, 0.8773911, -0.34876418, 1.0045843, 0.01460376)

[node name="LeftHandBone" parent="RigPivot/Rig" index="3"]
transform = Transform3D(-0.97051334, 0.23910867, 0.030520568, -0.21238376, -0.9081048, 0.3608869, 0.11400705, 0.3437634, 0.93210995, 0.34754473, 0.9885631, -0.017892092)

[node name="RayAttachment" type="BoneAttachment3D" parent="RigPivot/Rig"]
transform = Transform3D(-0.96234226, -0.2708048, -0.023710439, 0.22679535, -0.84790444, 0.4791892, -0.14987087, 0.45576665, 0.8773911, -0.34876418, 1.0045843, 0.01460376)
bone_name = "DEF-hand.R"
bone_idx = 51
use_external_skeleton = true
external_skeleton = NodePath("../CharacterRig/GameRig/Skeleton3D")

[node name="AttackCast" type="RayCast3D" parent="RigPivot/Rig/RayAttachment"]
unique_name_in_owner = true
transform = Transform3D(5.7282858e-08, 4.888998e-08, 1, 0.99619454, 0.08715594, -6.1325935e-08, -0.08715591, 0.9961949, -4.371139e-08, -0.03, 0.08, 0.003)
target_position = Vector3(0, 1, 0)
script = ExtResource("4_gwnis")

[editable path="RigPivot/Rig"]
[editable path="RigPivot/Rig/CharacterRig"]
