[gd_scene load_steps=15 format=3 uid="uid://j3m1lwvl5jua"]

[ext_resource type="Script" uid="uid://dbqotkyisa84w" path="res://Player/player.gd" id="1_l8h54"]
[ext_resource type="Script" uid="uid://cr4eajbcbd2hw" path="res://Player/smooth_camera_arm.gd" id="2_4ntmi"]
[ext_resource type="PackedScene" uid="uid://c6pdm8b840545" path="res://Player/health_component.tscn" id="2_k53q1"]
[ext_resource type="Script" uid="uid://tx6vq6crngfy" path="res://Resources/CharacterStats.gd" id="2_od3ui"]
[ext_resource type="PackedScene" uid="uid://dhnqhg7al0gbr" path="res://Player/rig.tscn" id="3_btcbx"]
[ext_resource type="PackedScene" uid="uid://bi14s3yn7sg0g" path="res://Player/dash.tscn" id="3_vtle1"]
[ext_resource type="PackedScene" uid="uid://h1ygfm3twad1" path="res://UserInterface/user_interface.tscn" id="4_00tjw"]
[ext_resource type="Script" uid="uid://c18p0xs4w5brd" path="res://Player/attack_cast.gd" id="4_gwnis"]
[ext_resource type="PackedScene" uid="uid://c43n45klq0hda" path="res://Player/area_attack.tscn" id="6_fhl08"]
[ext_resource type="Script" uid="uid://c8sdgmatb1ok" path="res://Player/interaction_cast.gd" id="10_x3vf3"]

[sub_resource type="Resource" id="Resource_00tjw"]
script = ExtResource("2_od3ui")
metadata/_custom_type_script = "uid://tx6vq6crngfy"

[sub_resource type="CapsuleShape3D" id="CapsuleShape3D_hvfyp"]

[sub_resource type="SeparationRayShape3D" id="SeparationRayShape3D_l8h54"]

[sub_resource type="CapsuleShape3D" id="CapsuleShape3D_00tjw"]

[node name="Player" type="CharacterBody3D" groups=["Player"]]
collision_layer = 5
script = ExtResource("1_l8h54")
stats = SubResource("Resource_00tjw")

[node name="HealthComponent" parent="." node_paths=PackedStringArray("body") instance=ExtResource("2_k53q1")]
body = NodePath("..")

[node name="UserInterface" parent="." node_paths=PackedStringArray("player") instance=ExtResource("4_00tjw")]
player = NodePath("..")

[node name="CollisionShape3D" type="CollisionShape3D" parent="."]
shape = SubResource("CapsuleShape3D_hvfyp")

[node name="SmoothCameraArm" type="SpringArm3D" parent="." node_paths=PackedStringArray("target")]
transform = Transform3D(1, 0, 0, 0, 0.90630776, 0.42261827, 0, -0.42261827, 0.90630776, 0, 0, 0)
shape = SubResource("SeparationRayShape3D_l8h54")
spring_length = 4.0
script = ExtResource("2_4ntmi")
target = NodePath("../HorizontalPivot/VerticalPivot")

[node name="Camera3D" type="Camera3D" parent="SmoothCameraArm"]

[node name="HorizontalPivot" type="Node3D" parent="."]

[node name="VerticalPivot" type="Node3D" parent="HorizontalPivot"]

[node name="RigPivot" type="Node3D" parent="."]
transform = Transform3D(1, 0, 0, 0, 1, 0, 0, 0, 1, 0, -1, 0)

[node name="Dash" parent="RigPivot" node_paths=PackedStringArray("player") instance=ExtResource("3_vtle1")]
transform = Transform3D(1, 0, 0, 0, 1, 0, 0, 0, 1, 0, 0.023768127, 0)
player = NodePath("../..")

[node name="Rig" parent="RigPivot" instance=ExtResource("3_btcbx")]

[node name="Skeleton3D" parent="RigPivot/Rig/CharacterRig/GameRig" index="0"]
bones/0/position = Vector3(4.4395326e-15, 0.90835404, -0.04817357)
bones/2/rotation = Quaternion(0.005377468, -0.00029907917, 0.0032118035, 0.9999804)
bones/3/rotation = Quaternion(-0.08988575, -0.00029416574, 0.008524088, 0.99591565)
bones/4/rotation = Quaternion(0.2711204, 1.47852095e-08, 9.083868e-08, 0.9625455)
bones/6/rotation = Quaternion(-0.16366851, -1.1772407e-07, -1.8773646e-08, 0.9865154)
bones/7/position = Vector3(-2.4638611e-08, 0.90835387, -0.048173472)
bones/8/position = Vector3(-7.7447815e-08, 0.9083539, -0.048173513)
bones/9/position = Vector3(0.13114367, 0.9745581, -0.035129108)
bones/9/rotation = Quaternion(0.99407685, 0.020337349, -0.031204857, 0.102097504)
bones/11/rotation = Quaternion(0.39881456, -0.00069627713, 0.00030293388, 0.9170312)
bones/13/rotation = Quaternion(-0.74238425, 0.011851389, 0.024366343, 0.66942626)
bones/15/position = Vector3(-0.13114372, 0.97455823, -0.035129108)
bones/15/rotation = Quaternion(0.9754373, -0.0053524566, 0.02762029, 0.21847375)
bones/17/rotation = Quaternion(0.42464668, 0.0031756584, -0.0014896281, 0.9053525)
bones/19/rotation = Quaternion(-0.67962635, -0.028146613, -0.0013422868, 0.7330171)
bones/21/position = Vector3(0.025128616, 1.4379904, 0.046510447)
bones/21/rotation = Quaternion(-0.47375217, -0.2659607, -0.4143612, 0.73015666)
bones/22/position = Vector3(0.19105206, 1.4765964, -0.011964884)
bones/22/rotation = Quaternion(0.025409002, -0.16340151, 0.97538537, -0.1458687)
bones/23/rotation = Quaternion(3.389993e-08, -0.035816155, 5.2526183e-08, 0.9993584)
bones/24/rotation = Quaternion(0.3441137, -0.035816822, -0.021478074, 0.9379988)
bones/46/position = Vector3(-0.011363527, 1.4379904, 0.046510432)
bones/46/rotation = Quaternion(-0.47693002, 0.25800878, 0.40940723, 0.7337268)
bones/47/position = Vector3(-0.17599483, 1.4769186, -0.015304256)
bones/47/rotation = Quaternion(-0.020430474, -0.14610995, 0.97589934, 0.16079502)
bones/48/rotation = Quaternion(1.2656164e-07, 0.050636545, 1.7388034e-07, 0.9987171)
bones/49/rotation = Quaternion(0.38368395, 0.050637137, 0.028260535, 0.92164195)
bones/71/position = Vector3(0.12719111, 1.3586141, -0.024733974)
bones/71/rotation = Quaternion(2.0161805e-08, 0.60057503, 0.7995684, -4.594039e-08)
bones/72/position = Vector3(-0.113425955, 1.3586141, -0.024734)
bones/72/rotation = Quaternion(2.0161869e-08, 0.60057503, 0.7995684, -4.594033e-08)

[node name="RightHandBone" parent="RigPivot/Rig" index="2"]
transform = Transform3D(-0.9623435, -0.27079967, -0.023715854, 0.22444537, -0.8407627, 0.4926893, -0.1533595, 0.4688134, 0.86988187, -0.3498108, 1.0079732, 0.021164294)

[node name="LeftHandBone" parent="RigPivot/Rig" index="3"]
transform = Transform3D(-0.97051364, 0.23910761, 0.030521624, -0.21086222, -0.9034981, 0.37313372, 0.11679531, 0.35569537, 0.9272753, 0.34786242, 0.9913909, -0.013353791)

[node name="RayAttachment" type="BoneAttachment3D" parent="RigPivot/Rig"]
transform = Transform3D(-0.9623435, -0.27079967, -0.023715854, 0.22444537, -0.8407627, 0.4926893, -0.1533595, 0.4688134, 0.86988187, -0.3498108, 1.0079732, 0.021164294)
bone_name = "DEF-hand.R"
bone_idx = 51
use_external_skeleton = true
external_skeleton = NodePath("../CharacterRig/GameRig/Skeleton3D")

[node name="AttackCast" type="RayCast3D" parent="RigPivot/Rig/RayAttachment"]
unique_name_in_owner = true
transform = Transform3D(5.7282858e-08, 4.888998e-08, 1, 0.99619454, 0.08715594, -6.1325935e-08, -0.08715591, 0.9961949, -4.371139e-08, -0.03, 0.08, 0.003)
target_position = Vector3(0, 1, 0)
collision_mask = 8
script = ExtResource("4_gwnis")

[node name="AreaAttack" parent="RigPivot" instance=ExtResource("6_fhl08")]
transform = Transform3D(1, 0, 0, 0, 1, 0, 0, 0, 1, 0, 1, 1)
collision_mask = 8

[node name="InteractionCast" type="ShapeCast3D" parent="RigPivot" node_paths=PackedStringArray("ui")]
shape = SubResource("CapsuleShape3D_00tjw")
target_position = Vector3(0, 1, 1)
collision_mask = 2
script = ExtResource("10_x3vf3")
ui = NodePath("../../UserInterface")

[connection signal="defeat" from="HealthComponent" to="." method="_on_health_component_defeat"]
[connection signal="health_changed" from="HealthComponent" to="UserInterface" method="update_health"]
[connection signal="heavy_attack" from="RigPivot/Rig" to="." method="_on_rig_heavy_attack"]

[editable path="RigPivot/Rig"]
[editable path="RigPivot/Rig/CharacterRig"]
