[gd_scene load_steps=7 format=3 uid="uid://j3m1lwvl5jua"]

[ext_resource type="Script" uid="uid://dbqotkyisa84w" path="res://Player/player.gd" id="1_l8h54"]
[ext_resource type="Script" uid="uid://cr4eajbcbd2hw" path="res://Player/smooth_camera_arm.gd" id="2_4ntmi"]
[ext_resource type="PackedScene" uid="uid://dhnqhg7al0gbr" path="res://Player/rig.tscn" id="3_btcbx"]
[ext_resource type="Script" uid="uid://c18p0xs4w5brd" path="res://Player/attack_cast.gd" id="4_gwnis"]

[sub_resource type="CapsuleShape3D" id="CapsuleShape3D_hvfyp"]

[sub_resource type="SeparationRayShape3D" id="SeparationRayShape3D_l8h54"]

[node name="Player" type="CharacterBody3D"]
script = ExtResource("1_l8h54")

[node name="CollisionShape3D" type="CollisionShape3D" parent="."]
shape = SubResource("CapsuleShape3D_hvfyp")

[node name="SmoothCameraArm" type="SpringArm3D" parent="." node_paths=PackedStringArray("target")]
transform = Transform3D(1, 0, 0, 0, 0.90630776, 0.42261827, 0, -0.42261827, 0.90630776, 0, 0, 0)
shape = SubResource("SeparationRayShape3D_l8h54")
spring_length = 4.0
script = ExtResource("2_4ntmi")
target = NodePath("../HorizontalPivot/VerticalPivot")

[node name="Camera3D" type="Camera3D" parent="SmoothCameraArm"]

[node name="HorizontalPivot" type="Node3D" parent="."]

[node name="VerticalPivot" type="Node3D" parent="HorizontalPivot"]

[node name="RigPivot" type="Node3D" parent="."]
transform = Transform3D(1, 0, 0, 0, 1, 0, 0, 0, 1, 0, -1, 0)

[node name="Rig" parent="RigPivot" instance=ExtResource("3_btcbx")]

[node name="Skeleton3D" parent="RigPivot/Rig/CharacterRig/GameRig" index="0"]
bones/0/position = Vector3(4.1687637e-15, 0.9071877, -0.048173565)
bones/2/rotation = Quaternion(0.0047155484, -0.00030980396, 0.003212138, 0.9999837)
bones/3/rotation = Quaternion(-0.090531446, -0.00030256787, 0.008523721, 0.9958571)
bones/4/rotation = Quaternion(0.27168673, 1.4770601e-08, 9.113169e-08, 0.9623858)
bones/6/rotation = Quaternion(-0.16291429, -1.1765753e-07, -1.918424e-08, 0.9866402)
bones/7/position = Vector3(-2.5660732e-08, 0.9071876, -0.048173465)
bones/8/position = Vector3(-4.2014413e-08, 0.90718764, -0.04817352)
bones/9/position = Vector3(0.13114367, 0.9733919, -0.035129108)
bones/9/rotation = Quaternion(0.9939658, 0.020395324, -0.031176884, 0.103169866)
bones/11/rotation = Quaternion(0.40121257, -0.00069694704, 0.00030541077, 0.9159847)
bones/13/rotation = Quaternion(-0.74343866, 0.011855319, 0.0243703, 0.668255)
bones/15/position = Vector3(-0.1311437, 0.9733919, -0.035129108)
bones/15/rotation = Quaternion(0.9751905, -0.0054006213, 0.027586928, 0.21957545)
bones/17/rotation = Quaternion(0.4268172, 0.0031885232, -0.0015049685, 0.904331)
bones/19/rotation = Quaternion(-0.68059725, -0.028151918, -0.0012739446, 0.7321156)
bones/21/position = Vector3(0.025128612, 1.4369149, 0.046100598)
bones/21/rotation = Quaternion(-0.47566876, -0.26519814, -0.41295168, 0.7299865)
bones/22/position = Vector3(0.19081256, 1.4753684, -0.013147557)
bones/22/rotation = Quaternion(0.027843254, -0.16303696, 0.975319, -0.14627612)
bones/23/rotation = Quaternion(3.130083e-08, -0.03384966, 5.609168e-08, 0.99942696)
bones/24/rotation = Quaternion(0.3396859, -0.033850558, -0.021189515, 0.9396908)
bones/46/position = Vector3(-0.011363527, 1.4369149, 0.046100583)
bones/46/rotation = Quaternion(-0.4804004, 0.25428516, 0.40593007, 0.734694)
bones/47/position = Vector3(-0.17520794, 1.4757494, -0.017817002)
bones/47/rotation = Quaternion(-0.02597055, -0.14519466, 0.97576755, 0.16162185)
bones/48/rotation = Quaternion(-3.0670417e-08, 0.04691975, -9.253882e-08, 0.99889874)
bones/49/rotation = Quaternion(0.37861001, 0.046920445, 0.028432012, 0.9239289)
bones/71/position = Vector3(0.12719111, 1.3573183, -0.024897559)
bones/71/rotation = Quaternion(2.0077412e-08, 0.6018124, 0.7986375, -4.598912e-08)
bones/72/position = Vector3(-0.113425955, 1.3573183, -0.024897583)
bones/72/rotation = Quaternion(2.007745e-08, 0.6018124, 0.7986375, -4.598904e-08)

[node name="RightHandBone" parent="RigPivot/Rig" index="2"]
transform = Transform3D(-0.9623426, -0.2708038, -0.023711428, 0.22622348, -0.8461691, 0.48251563, -0.15073088, 0.4589812, 0.87556624, -0.34902498, 1.0054144, 0.016216118)

[node name="LeftHandBone" parent="RigPivot/Rig" index="3"]
transform = Transform3D(-0.9705133, 0.23910843, 0.030520743, -0.21201359, -0.90698767, 0.36390027, 0.11469364, 0.34669933, 0.93093747, 0.3476231, 0.9892549, -0.016776301)

[node name="RayAttachment" type="BoneAttachment3D" parent="RigPivot/Rig"]
transform = Transform3D(-0.9623426, -0.2708038, -0.023711428, 0.22622348, -0.8461691, 0.48251563, -0.15073088, 0.4589812, 0.87556624, -0.34902498, 1.0054144, 0.016216118)
bone_name = "DEF-hand.R"
bone_idx = 51
use_external_skeleton = true
external_skeleton = NodePath("../CharacterRig/GameRig/Skeleton3D")

[node name="AttackCast" type="RayCast3D" parent="RigPivot/Rig/RayAttachment"]
unique_name_in_owner = true
transform = Transform3D(5.7282858e-08, 4.888998e-08, 1, 0.99619454, 0.08715594, -6.1325935e-08, -0.08715591, 0.9961949, -4.371139e-08, -0.03, 0.08, 0.003)
target_position = Vector3(0, 1, 0)
collision_mask = 8
script = ExtResource("4_gwnis")

[editable path="RigPivot/Rig"]
[editable path="RigPivot/Rig/CharacterRig"]
