[gd_scene load_steps=12 format=3 uid="uid://j3m1lwvl5jua"]

[ext_resource type="Script" uid="uid://dbqotkyisa84w" path="res://Player/player.gd" id="1_l8h54"]
[ext_resource type="Script" uid="uid://cr4eajbcbd2hw" path="res://Player/smooth_camera_arm.gd" id="2_4ntmi"]
[ext_resource type="PackedScene" uid="uid://c6pdm8b840545" path="res://Player/health_component.tscn" id="2_k53q1"]
[ext_resource type="Script" uid="uid://tx6vq6crngfy" path="res://Resources/CharacterStats.gd" id="2_od3ui"]
[ext_resource type="PackedScene" uid="uid://dhnqhg7al0gbr" path="res://Player/rig.tscn" id="3_btcbx"]
[ext_resource type="PackedScene" uid="uid://bi14s3yn7sg0g" path="res://Player/dash.tscn" id="3_vtle1"]
[ext_resource type="Script" uid="uid://c18p0xs4w5brd" path="res://Player/attack_cast.gd" id="4_gwnis"]
[ext_resource type="PackedScene" uid="uid://c43n45klq0hda" path="res://Player/area_attack.tscn" id="6_fhl08"]

[sub_resource type="Resource" id="Resource_00tjw"]
script = ExtResource("2_od3ui")
metadata/_custom_type_script = "uid://tx6vq6crngfy"

[sub_resource type="CapsuleShape3D" id="CapsuleShape3D_hvfyp"]

[sub_resource type="SeparationRayShape3D" id="SeparationRayShape3D_l8h54"]

[node name="Player" type="CharacterBody3D"]
collision_layer = 5
script = ExtResource("1_l8h54")
stats = SubResource("Resource_00tjw")

[node name="HealthComponent" parent="." instance=ExtResource("2_k53q1")]

[node name="CollisionShape3D" type="CollisionShape3D" parent="."]
shape = SubResource("CapsuleShape3D_hvfyp")

[node name="SmoothCameraArm" type="SpringArm3D" parent="." node_paths=PackedStringArray("target")]
transform = Transform3D(1, 0, 0, 0, 0.90630776, 0.42261827, 0, -0.42261827, 0.90630776, 0, 0, 0)
shape = SubResource("SeparationRayShape3D_l8h54")
spring_length = 4.0
script = ExtResource("2_4ntmi")
target = NodePath("../HorizontalPivot/VerticalPivot")

[node name="Camera3D" type="Camera3D" parent="SmoothCameraArm"]

[node name="HorizontalPivot" type="Node3D" parent="."]

[node name="VerticalPivot" type="Node3D" parent="HorizontalPivot"]

[node name="RigPivot" type="Node3D" parent="."]
transform = Transform3D(1, 0, 0, 0, 1, 0, 0, 0, 1, 0, -1, 0)

[node name="Dash" parent="RigPivot" node_paths=PackedStringArray("player") instance=ExtResource("3_vtle1")]
transform = Transform3D(1, 0, 0, 0, 1, 0, 0, 0, 1, 0, 0.023768127, 0)
player = NodePath("../..")

[node name="Rig" parent="RigPivot" instance=ExtResource("3_btcbx")]

[node name="Skeleton3D" parent="RigPivot/Rig/CharacterRig/GameRig" index="0"]
bones/0/position = Vector3(4.440892e-15, 0.9109271, -0.048173558)
bones/2/rotation = Quaternion(0.007080848, -0.0002714692, 0.0032110307, 0.99996984)
bones/3/rotation = Quaternion(-0.088387616, -0.0002746664, 0.008524928, 0.9960497)
bones/4/rotation = Quaternion(0.26973185, 1.43959955e-08, 9.16313e-08, 0.9629355)
bones/6/rotation = Quaternion(-0.16538441, -1.17567744e-07, -1.9715348e-08, 0.9862292)
bones/7/position = Vector3(-4.202492e-08, 0.91092706, -0.048173446)
bones/8/position = Vector3(-4.5287e-08, 0.91092706, -0.048173524)
bones/9/position = Vector3(0.13114367, 0.97713125, -0.035129104)
bones/9/rotation = Quaternion(0.99432546, 0.020206032, -0.031268436, 0.099654935)
bones/11/rotation = Quaternion(0.39317825, -0.00069449475, 0.00029708995, 0.919462)
bones/13/rotation = Quaternion(-0.7399663, 0.011842514, 0.024357593, 0.67209846)
bones/15/position = Vector3(-0.13114367, 0.9771311, -0.0351291)
bones/15/rotation = Quaternion(0.97598183, -0.0052454886, 0.0276944, 0.2160207)
bones/17/rotation = Quaternion(0.41955745, 0.003145494, -0.0014539809, 0.90772223)
bones/19/rotation = Quaternion(-0.6774618, -0.028134665, -0.0014939514, 0.7350182)
bones/21/position = Vector3(0.025128612, 1.4404218, 0.047437653)
bones/21/rotation = Quaternion(-0.4693002, -0.26771647, -0.41764277, 0.7305202)
bones/22/position = Vector3(0.1915978, 1.4794266, -0.009212572)
bones/22/rotation = Quaternion(0.019741513, -0.1642463, 0.9755166, -0.14491694)
bones/23/rotation = Quaternion(6.858754e-08, -0.040383462, -2.3605294e-08, 0.99918425)
bones/24/rotation = Quaternion(0.3549339, -0.040638253, -0.022157703, 0.9337449)
bones/46/position = Vector3(-0.011363527, 1.4404218, 0.04743764)
bones/46/rotation = Quaternion(-0.46841693, 0.2670871, 0.41791758, 0.7311601)
bones/47/position = Vector3(-0.17776978, 1.4796388, -0.009272128)
bones/47/rotation = Quaternion(-0.006825014, -0.14833699, 0.9760893, 0.15874268)
bones/48/rotation = Quaternion(-1.0139175e-07, 0.059486445, -4.1542886e-08, 0.9982292)
bones/49/rotation = Quaternion(0.39606962, 0.059732407, 0.027733503, 0.9158557)
bones/71/position = Vector3(0.12719111, 1.361547, -0.024361439)
bones/71/rotation = Quaternion(2.0358069e-08, 0.5976942, 0.8017242, -4.582582e-08)
bones/72/position = Vector3(-0.113425955, 1.361547, -0.024361463)
bones/72/rotation = Quaternion(2.0358117e-08, 0.5976942, 0.8017242, -4.5825754e-08)

[node name="RightHandBone" parent="RigPivot/Rig" index="2"]
transform = Transform3D(-0.9624467, -0.27045992, -0.023410942, 0.21985655, -0.8271412, 0.5172048, -0.15924732, 0.492635, 0.85554117, -0.35149974, 1.014188, 0.03310267)

[node name="LeftHandBone" parent="RigPivot/Rig" index="3"]
transform = Transform3D(-0.9704891, 0.23919454, 0.030619312, -0.20799294, -0.8945409, 0.39564648, 0.12202669, 0.3776018, 0.91789216, 0.3484303, 0.99654853, -0.0051509812)

[node name="RayAttachment" type="BoneAttachment3D" parent="RigPivot/Rig"]
transform = Transform3D(-0.9624467, -0.27045992, -0.023410942, 0.21985655, -0.8271412, 0.5172048, -0.15924732, 0.492635, 0.85554117, -0.35149974, 1.014188, 0.03310267)
bone_name = "DEF-hand.R"
bone_idx = 51
use_external_skeleton = true
external_skeleton = NodePath("../CharacterRig/GameRig/Skeleton3D")

[node name="AttackCast" type="RayCast3D" parent="RigPivot/Rig/RayAttachment"]
unique_name_in_owner = true
transform = Transform3D(5.7282858e-08, 4.888998e-08, 1, 0.99619454, 0.08715594, -6.1325935e-08, -0.08715591, 0.9961949, -4.371139e-08, -0.03, 0.08, 0.003)
target_position = Vector3(0, 1, 0)
collision_mask = 8
script = ExtResource("4_gwnis")

[node name="AreaAttack" parent="RigPivot" instance=ExtResource("6_fhl08")]
transform = Transform3D(1, 0, 0, 0, 1, 0, 0, 0, 1, 0, 1, 1)
collision_mask = 8

[connection signal="defeat" from="HealthComponent" to="." method="_on_health_component_defeat"]
[connection signal="heavy_attack" from="RigPivot/Rig" to="." method="_on_rig_heavy_attack"]

[editable path="RigPivot/Rig"]
[editable path="RigPivot/Rig/CharacterRig"]
