[gd_scene load_steps=15 format=3 uid="uid://j3m1lwvl5jua"]

[ext_resource type="Script" uid="uid://dbqotkyisa84w" path="res://Player/player.gd" id="1_l8h54"]
[ext_resource type="Script" uid="uid://cr4eajbcbd2hw" path="res://Player/smooth_camera_arm.gd" id="2_4ntmi"]
[ext_resource type="PackedScene" uid="uid://c6pdm8b840545" path="res://Player/health_component.tscn" id="2_k53q1"]
[ext_resource type="Script" uid="uid://tx6vq6crngfy" path="res://Resources/CharacterStats.gd" id="2_od3ui"]
[ext_resource type="PackedScene" uid="uid://dhnqhg7al0gbr" path="res://Player/rig.tscn" id="3_btcbx"]
[ext_resource type="PackedScene" uid="uid://bi14s3yn7sg0g" path="res://Player/dash.tscn" id="3_vtle1"]
[ext_resource type="PackedScene" uid="uid://h1ygfm3twad1" path="res://UserInterface/user_interface.tscn" id="4_00tjw"]
[ext_resource type="Script" uid="uid://c18p0xs4w5brd" path="res://Player/attack_cast.gd" id="4_gwnis"]
[ext_resource type="PackedScene" uid="uid://c43n45klq0hda" path="res://Player/area_attack.tscn" id="6_fhl08"]
[ext_resource type="Script" uid="uid://c8sdgmatb1ok" path="res://Player/interaction_cast.gd" id="10_x3vf3"]

[sub_resource type="Resource" id="Resource_00tjw"]
script = ExtResource("2_od3ui")
metadata/_custom_type_script = "uid://tx6vq6crngfy"

[sub_resource type="CapsuleShape3D" id="CapsuleShape3D_00tjw"]

[sub_resource type="CapsuleShape3D" id="CapsuleShape3D_hvfyp"]

[sub_resource type="SeparationRayShape3D" id="SeparationRayShape3D_l8h54"]

[node name="Player" type="CharacterBody3D" groups=["Player"]]
collision_layer = 5
script = ExtResource("1_l8h54")
stats = SubResource("Resource_00tjw")

[node name="HealthComponent" parent="." node_paths=PackedStringArray("body") instance=ExtResource("2_k53q1")]
body = NodePath("..")

[node name="RigPivot" type="Node3D" parent="."]
transform = Transform3D(1, 0, 0, 0, 1, 0, 0, 0, 1, 0, -1, 0)

[node name="Dash" parent="RigPivot" node_paths=PackedStringArray("player") instance=ExtResource("3_vtle1")]
transform = Transform3D(1, 0, 0, 0, 1, 0, 0, 0, 1, 0, 0.023768127, 0)
player = NodePath("../..")

[node name="Rig" parent="RigPivot" groups=["PlayerRig"] instance=ExtResource("3_btcbx")]

[node name="Skeleton3D" parent="RigPivot/Rig/CharacterRig/GameRig" index="0"]
bones/0/position = Vector3(3.3707498e-15, 0.8961193, -0.048173554)
bones/2/rotation = Quaternion(-0.0024672968, -0.0004262194, 0.0032149777, 0.9999917)
bones/3/rotation = Quaternion(-0.0970536, -0.0003873846, 0.008519691, 0.9952426)
bones/4/rotation = Quaternion(0.27761745, 1.5106313e-08, 9.246344e-08, 0.9606918)
bones/6/rotation = Quaternion(-0.15546976, -1.1784039e-07, -1.8013628e-08, 0.9878407)
bones/7/position = Vector3(-2.2620789e-08, 0.89611924, -0.048173454)
bones/8/position = Vector3(-3.571038e-08, 0.89611924, -0.048173517)
bones/9/position = Vector3(0.13114364, 0.9623235, -0.035129096)
bones/9/rotation = Quaternion(0.99288577, 0.020940363, -0.03091707, 0.11306477)
bones/11/rotation = Quaternion(0.42358, -0.0007006289, 0.00032777493, 0.90585846)
bones/13/rotation = Quaternion(-0.7530412, 0.01189084, 0.024411894, 0.65741295)
bones/15/position = Vector3(-0.13114369, 0.9623235, -0.035129108)
bones/15/rotation = Quaternion(0.9728534, -0.005846682, 0.027277289, 0.22973493)
bones/17/rotation = Quaternion(0.44742265, 0.0033103372, -0.0016562708, 0.894315)
bones/19/rotation = Quaternion(-0.68957233, -0.028199948, -0.000635616, 0.7236673)
bones/21/position = Vector3(0.025128616, 1.4263659, 0.042090584)
bones/21/rotation = Quaternion(-0.49438202, -0.2575455, -0.39925393, 0.7279101)
bones/22/position = Vector3(0.18834268, 1.4630914, -0.024637386)
bones/22/rotation = Quaternion(0.05146372, -0.15944536, 0.9743582, -0.15018299)
bones/23/rotation = Quaternion(5.6034686e-08, -0.014644722, 4.4649333e-08, 0.99989283)
bones/24/rotation = Quaternion(0.2960048, -0.014645408, -0.018057406, 0.9549035)
bones/46/position = Vector3(-0.011363526, 1.426366, 0.04209056)
bones/46/rotation = Quaternion(-0.5141405, 0.21728908, 0.37171698, 0.7418029)
bones/47/position = Vector3(-0.16632298, 1.4635032, -0.04185605)
bones/47/rotation = Quaternion(-0.07981854, -0.13604733, 0.9728443, 0.1693938)
bones/48/rotation = Quaternion(-1.6239216e-08, 0.010440831, -3.883734e-08, 0.9999455)
bones/49/rotation = Quaternion(0.32840833, 0.010441347, 0.028913915, 0.9440355)
bones/71/position = Vector3(0.12719111, 1.3446579, -0.026467016)
bones/71/rotation = Quaternion(1.9255054e-08, 0.61382556, 0.78944176, -4.644746e-08)
bones/72/position = Vector3(-0.113425955, 1.3446579, -0.026467042)
bones/72/rotation = Quaternion(1.9255822e-08, 0.61381537, 0.7894496, -4.6447003e-08)

[node name="RightHandBone" parent="RigPivot/Rig" index="2"]
transform = Transform3D(-0.9623426, -0.27080396, -0.023712661, 0.24189718, -0.8928764, 0.37981328, -0.124027416, 0.3597744, 0.92475903, -0.3401401, 0.98110604, -0.032427557)

[node name="LeftHandBone" parent="RigPivot/Rig" index="3"]
transform = Transform3D(-0.9705134, 0.23910849, 0.030521093, -0.22213742, -0.9363364, 0.2719002, 0.093591645, 0.25710285, 0.9618411, 0.34515324, 0.96928734, -0.050594855)

[node name="RayAttachment" type="BoneAttachment3D" parent="RigPivot/Rig"]
transform = Transform3D(-0.9623426, -0.27080396, -0.023712661, 0.24189718, -0.8928764, 0.37981328, -0.124027416, 0.3597744, 0.92475903, -0.3401401, 0.98110604, -0.032427557)
bone_name = "DEF-hand.R"
bone_idx = 51
use_external_skeleton = true
external_skeleton = NodePath("../CharacterRig/GameRig/Skeleton3D")

[node name="AttackCast" type="RayCast3D" parent="RigPivot/Rig/RayAttachment"]
unique_name_in_owner = true
transform = Transform3D(5.7282858e-08, 4.888998e-08, 1, 0.99619454, 0.08715594, -6.1325935e-08, -0.08715591, 0.9961949, -4.371139e-08, -0.03, 0.08, 0.003)
target_position = Vector3(0, 1, 0)
collision_mask = 8
script = ExtResource("4_gwnis")

[node name="AreaAttack" parent="RigPivot" instance=ExtResource("6_fhl08")]
transform = Transform3D(1, 0, 0, 0, 1, 0, 0, 0, 1, 0, 1, 1)
collision_mask = 8

[node name="InteractionCast" type="ShapeCast3D" parent="RigPivot" node_paths=PackedStringArray("ui", "player")]
shape = SubResource("CapsuleShape3D_00tjw")
target_position = Vector3(0, 1, 1)
collision_mask = 2
script = ExtResource("10_x3vf3")
ui = NodePath("../../UserInterface")
player = NodePath("../..")

[node name="CollisionShape3D" type="CollisionShape3D" parent="."]
shape = SubResource("CapsuleShape3D_hvfyp")

[node name="SmoothCameraArm" type="SpringArm3D" parent="." node_paths=PackedStringArray("target")]
transform = Transform3D(1, 0, 0, 0, 0.90630776, 0.42261827, 0, -0.42261827, 0.90630776, 0, 0, 0)
shape = SubResource("SeparationRayShape3D_l8h54")
spring_length = 4.0
script = ExtResource("2_4ntmi")
target = NodePath("../HorizontalPivot/VerticalPivot")

[node name="Camera3D" type="Camera3D" parent="SmoothCameraArm"]

[node name="HorizontalPivot" type="Node3D" parent="."]

[node name="VerticalPivot" type="Node3D" parent="HorizontalPivot"]

[node name="UserInterface" parent="." node_paths=PackedStringArray("player") instance=ExtResource("4_00tjw")]
player = NodePath("..")

[connection signal="defeat" from="HealthComponent" to="." method="_on_health_component_defeat"]
[connection signal="health_changed" from="HealthComponent" to="UserInterface" method="update_health"]
[connection signal="heavy_attack" from="RigPivot/Rig" to="." method="_on_rig_heavy_attack"]

[editable path="RigPivot/Rig"]
[editable path="RigPivot/Rig/CharacterRig"]
