[gd_scene load_steps=13 format=3 uid="uid://j3m1lwvl5jua"]

[ext_resource type="Script" uid="uid://dbqotkyisa84w" path="res://Player/player.gd" id="1_l8h54"]
[ext_resource type="Script" uid="uid://cr4eajbcbd2hw" path="res://Player/smooth_camera_arm.gd" id="2_4ntmi"]
[ext_resource type="PackedScene" uid="uid://c6pdm8b840545" path="res://Player/health_component.tscn" id="2_k53q1"]
[ext_resource type="Script" uid="uid://tx6vq6crngfy" path="res://Resources/CharacterStats.gd" id="2_od3ui"]
[ext_resource type="PackedScene" uid="uid://dhnqhg7al0gbr" path="res://Player/rig.tscn" id="3_btcbx"]
[ext_resource type="PackedScene" uid="uid://bi14s3yn7sg0g" path="res://Player/dash.tscn" id="3_vtle1"]
[ext_resource type="PackedScene" uid="uid://h1ygfm3twad1" path="res://UserInterface/user_interface.tscn" id="4_00tjw"]
[ext_resource type="Script" uid="uid://c18p0xs4w5brd" path="res://Player/attack_cast.gd" id="4_gwnis"]
[ext_resource type="PackedScene" uid="uid://c43n45klq0hda" path="res://Player/area_attack.tscn" id="6_fhl08"]

[sub_resource type="Resource" id="Resource_00tjw"]
script = ExtResource("2_od3ui")
metadata/_custom_type_script = "uid://tx6vq6crngfy"

[sub_resource type="CapsuleShape3D" id="CapsuleShape3D_hvfyp"]

[sub_resource type="SeparationRayShape3D" id="SeparationRayShape3D_l8h54"]

[node name="Player" type="CharacterBody3D" groups=["Player"]]
collision_layer = 5
script = ExtResource("1_l8h54")
stats = SubResource("Resource_00tjw")

[node name="HealthComponent" parent="." node_paths=PackedStringArray("body") instance=ExtResource("2_k53q1")]
body = NodePath("..")

[node name="UserInterface" parent="." node_paths=PackedStringArray("player") instance=ExtResource("4_00tjw")]
player = NodePath("..")

[node name="CollisionShape3D" type="CollisionShape3D" parent="."]
shape = SubResource("CapsuleShape3D_hvfyp")

[node name="SmoothCameraArm" type="SpringArm3D" parent="." node_paths=PackedStringArray("target")]
transform = Transform3D(1, 0, 0, 0, 0.90630776, 0.42261827, 0, -0.42261827, 0.90630776, 0, 0, 0)
shape = SubResource("SeparationRayShape3D_l8h54")
spring_length = 4.0
script = ExtResource("2_4ntmi")
target = NodePath("../HorizontalPivot/VerticalPivot")

[node name="Camera3D" type="Camera3D" parent="SmoothCameraArm"]

[node name="HorizontalPivot" type="Node3D" parent="."]

[node name="VerticalPivot" type="Node3D" parent="HorizontalPivot"]

[node name="RigPivot" type="Node3D" parent="."]
transform = Transform3D(1, 0, 0, 0, 1, 0, 0, 0, 1, 0, -1, 0)

[node name="Dash" parent="RigPivot" node_paths=PackedStringArray("player") instance=ExtResource("3_vtle1")]
transform = Transform3D(1, 0, 0, 0, 1, 0, 0, 0, 1, 0, 0.023768127, 0)
player = NodePath("../..")

[node name="Rig" parent="RigPivot" instance=ExtResource("3_btcbx")]

[node name="Skeleton3D" parent="RigPivot/Rig/CharacterRig/GameRig" index="0"]
bones/0/position = Vector3(1.2181207e-14, 0.90454924, -0.048173543)
bones/2/rotation = Quaternion(0.0029808965, -0.00033791974, 0.0032128647, 0.9999904)
bones/3/rotation = Quaternion(-0.09210555, -0.00032304635, 0.008522827, 0.9957128)
bones/4/rotation = Quaternion(0.27312115, 1.5233642e-08, 9.01008e-08, 0.9619797)
bones/6/rotation = Quaternion(-0.16113622, -1.1709824e-07, -2.2600712e-08, 0.9869322)
bones/7/position = Vector3(-4.8576815e-08, 0.9045491, -0.048173465)
bones/8/position = Vector3(-4.922454e-08, 0.9045491, -0.048173532)
bones/9/position = Vector3(0.13114369, 0.9707534, -0.035129115)
bones/9/rotation = Quaternion(0.9937054, 0.020529447, -0.031112246, 0.105642416)
bones/11/rotation = Quaternion(0.4067868, -0.0006983347, 0.00031110717, 0.91352284)
bones/13/rotation = Quaternion(-0.7458064, 0.011864122, 0.024379337, 0.6656108)
bones/15/position = Vector3(-0.1311437, 0.9707535, -0.035129108)
bones/15/rotation = Quaternion(0.9746243, -0.005510331, 0.027510878, 0.22208181)
bones/17/rotation = Quaternion(0.43187222, 0.0032183898, -0.0015411682, 0.90192777)
bones/19/rotation = Quaternion(-0.6827801, -0.028163733, -0.001119871, 0.7300801)
bones/21/position = Vector3(0.025128616, 1.4343867, 0.0451379)
bones/21/rotation = Quaternion(-0.48016724, -0.2633934, -0.40964642, 0.7295569)
bones/22/position = Vector3(0.1902413, 1.4724659, -0.015920106)
bones/22/rotation = Quaternion(0.03354746, -0.16217859, 0.97513944, -0.14722721)
bones/23/rotation = Quaternion(9.1730556e-08, -0.029232485, 1.435757e-08, 0.99957263)
bones/24/rotation = Quaternion(0.3292552, -0.029233187, -0.02048934, 0.9435659)
bones/46/position = Vector3(-0.011363526, 1.4343867, 0.04513789)
bones/46/rotation = Quaternion(-0.4885336, 0.24549557, 0.3977439, 0.7367948)
bones/47/position = Vector3(-0.17327683, 1.4729477, -0.023684632)
bones/47/rotation = Quaternion(-0.038961045, -0.14302967, 0.9753353, 0.16354093)
bones/48/rotation = Quaternion(-6.465501e-08, 0.03817873, -1.5283084e-07, 0.999271)
bones/49/rotation = Quaternion(0.366643, 0.038179256, 0.028750751, 0.92913324)
bones/71/position = Vector3(0.12719111, 1.354276, -0.02527962)
bones/71/rotation = Quaternion(1.9879378e-08, 0.6047121, 0.7964441, -4.6102222e-08)
bones/72/position = Vector3(-0.113425955, 1.354276, -0.025279652)
bones/72/rotation = Quaternion(1.9878144e-08, 0.6047316, 0.79642934, -4.61028e-08)

[node name="RightHandBone" parent="RigPivot/Rig" index="2"]
transform = Transform3D(-0.9623433, -0.2708014, -0.02371431, 0.23026228, -0.85841936, 0.4583622, -0.14448191, 0.43564132, 0.8884489, -0.3470933, 0.9994596, 0.004564844)

[node name="LeftHandBone" parent="RigPivot/Rig" index="3"]
transform = Transform3D(-0.97051334, 0.23910779, 0.030521365, -0.21463168, -0.9148321, 0.3420754, 0.10971483, 0.32543793, 0.93917656, 0.34705168, 0.9843069, -0.024844155)

[node name="RayAttachment" type="BoneAttachment3D" parent="RigPivot/Rig"]
transform = Transform3D(-0.9623433, -0.2708014, -0.02371431, 0.23026228, -0.85841936, 0.4583622, -0.14448191, 0.43564132, 0.8884489, -0.3470933, 0.9994596, 0.004564844)
bone_name = "DEF-hand.R"
bone_idx = 51
use_external_skeleton = true
external_skeleton = NodePath("../CharacterRig/GameRig/Skeleton3D")

[node name="AttackCast" type="RayCast3D" parent="RigPivot/Rig/RayAttachment"]
unique_name_in_owner = true
transform = Transform3D(5.7282858e-08, 4.888998e-08, 1, 0.99619454, 0.08715594, -6.1325935e-08, -0.08715591, 0.9961949, -4.371139e-08, -0.03, 0.08, 0.003)
target_position = Vector3(0, 1, 0)
collision_mask = 8
script = ExtResource("4_gwnis")

[node name="AreaAttack" parent="RigPivot" instance=ExtResource("6_fhl08")]
transform = Transform3D(1, 0, 0, 0, 1, 0, 0, 0, 1, 0, 1, 1)
collision_mask = 8

[connection signal="defeat" from="HealthComponent" to="." method="_on_health_component_defeat"]
[connection signal="health_changed" from="HealthComponent" to="UserInterface" method="update_health"]
[connection signal="heavy_attack" from="RigPivot/Rig" to="." method="_on_rig_heavy_attack"]

[editable path="RigPivot/Rig"]
[editable path="RigPivot/Rig/CharacterRig"]
